   -999. -999. -999. 40403    744   140.000 
   6.639   -2.516    2.820    0.140   1.0     0
   3.112   -1.001    1.420    0.140  -1.0     0
 -18.705    7.925  -10.461    0.140  -1.0     0
  -3.314    0.756   -0.556    0.140  -1.0     0
  -4.010    0.377   -1.302    0.140   1.0     0
   0.996   -0.147    0.347    0.140  -1.0     0
  -7.321    3.244   -4.018    0.140   1.0     0
  -1.311    0.105   -0.388    0.140   1.0     0
  -2.136    0.788   -0.356    0.140   1.0     0
  -0.651    0.303   -0.136    0.140   1.0     0
  -0.852    0.063   -0.040    0.140  -1.0     0
  -0.940    0.268   -0.043    0.140  -1.0     0
   1.848   -0.628    0.509    0.140   1.0     0
  -0.703    0.280   -0.169    0.140  -1.0     0
   1.319   -0.255    0.488    0.140   1.0     0
   1.440   -0.312    0.475    0.140  -1.0     0
   7.743   -2.744    2.469    0.140  -1.0     0
  -0.330    0.229    0.521    0.140  -1.0     0
   1.087   -0.395    0.559    0.140   1.0     0
   4.859   -1.748    1.599    0.140   1.0     0
   3.518   -1.082    1.221    0.140   1.0     0
   0.753   -0.457    0.176    0.140  -1.0     0
   6.066   -1.803    2.283    0.000   0.0     4
   1.784   -0.596    0.659    0.000   0.0     4
   2.991   -1.078    0.875    0.000   0.0     4
  -0.121    0.417    1.138    0.000   0.0     4
  -2.405    0.754   -0.006    0.022   0.0     4
  -5.618    1.316   -0.329    0.002   0.0     4
   0.936   -0.177    0.561    0.000   0.0     4
   5.000   -2.684    1.499    0.034   0.0     4
   0.800   -0.446    0.170    0.000   0.0     4
   0.860   -0.295    0.157    0.000   0.0     4
  -2.841    1.006   -0.501    0.025   0.0     4
  -3.644    3.490   -2.299    0.033   0.0     5
  -0.719   -0.469   -0.006    0.013   0.0     5
   0.699   -0.186    0.497    0.000   0.0     5
  -0.985    0.230   -0.038    0.000   0.0     5
   -999. -999. -999. 40403   1421   140.000 
  -0.106    0.373   -0.079    0.140   1.0     0
  -2.707   -6.670   -6.281    0.140   1.0     0
  -0.293    1.046   -0.572    0.140  -1.0     1
   1.782    4.474    0.363    0.140  -1.0     0
   1.046    0.795    0.023    0.140  -1.0     0
  -0.909    2.187   -1.037    0.140  -1.0     0
   0.458    2.154    0.635    0.140   1.0     0
   1.300    1.414    0.261    0.140  -1.0     0
   1.239    0.714    1.474    0.140  -1.0     0
   1.048    1.652   -0.159    0.140   1.0     0
  -0.187    0.508   -0.294    0.140   1.0     0
  -0.034    1.072   -0.409    0.140   1.0     0
  -0.219    0.346    0.312    0.140  -1.0     0
   0.036   -0.541   -0.179    0.140   1.0     0
  -0.773   -1.706   -1.179    0.140  -1.0     0
   1.204    0.758    0.832    0.140  -1.0     0
   0.162    0.526   -0.010    0.140   1.0     0
   0.362    0.390    0.193    0.140  -1.0     0
   0.335    0.166    0.288    0.140   1.0     0
  -0.235   -0.014   -0.358    0.140   1.0     0
  -0.121    0.121   -0.215    0.140   1.0     0
   1.122    1.858    0.470    0.140  -1.0     0
   0.619    0.998    0.063    0.140  -1.0     0
  -0.545   -1.220   -1.378    0.001   0.0     4
   1.330    1.226   -0.221    0.000   0.0     4
   0.070    0.773    0.541    0.000   0.0     4
  -0.645    2.387   -1.156    0.000   0.0     4
  -0.464    0.922   -0.511    0.001   0.0     4
  -0.045   -3.750   -2.812    0.000   0.0     4
   0.057   -1.281   -1.279    0.000   0.0     4
  -3.411   -6.901   -7.023    0.045   0.0     5
  -0.735   -1.543   -0.389    0.019   0.0     5
   0.572    0.327    1.017    0.016   0.0     5
  -0.392   -0.768   -0.327    0.020   0.0     5
   0.900    0.137    0.274    0.000   0.0     5
  -0.209   -0.594   -0.509    0.013   0.0     5
   0.039    0.327   -1.423    0.000   0.0     5
  -0.055   -0.334   -0.980    0.000   0.0     5
   2.122    1.235    3.707    0.000   0.0     5
   -999. -999. -999. 40403   1543   140.000 
   3.535   -0.235    3.261    0.140   1.0     0
   3.332   -1.417    1.716    0.140   1.0     0
  -0.454    0.474   -0.243    0.140  -1.0     0
   1.320   -0.326    0.150    0.140  -1.0     0
   2.232   -1.277    1.045    0.140  -1.0     0
   3.467   -2.031    1.963    0.140  -1.0     0
  -0.515    0.816   -0.336    0.140  -1.0     0
  -3.737    1.549   -1.755    0.140   1.0     0
   0.942   -0.572    0.322    0.015   0.0     4
   9.738   -3.934    3.480    0.000   0.0     4
   2.512   -1.121    0.896    0.000   0.0     4
   6.955   -2.855    2.698    0.000   0.0     4
   2.747   -2.001    1.853    0.000   0.0     4
   1.960   -1.302    1.196    0.023   0.0     4
  -4.045    1.759   -1.875    0.000   0.0     4
  -0.935    0.957   -0.391    0.000   0.0     4
  -1.133    0.854   -0.688    0.018   0.0     4
   0.236   -1.032   -0.338    0.000   0.0     4
   1.051   -0.199    0.975    0.000   0.0     4
   0.737   -0.160    0.709    0.000   0.0     4
   0.739   -0.390    0.162    0.000   0.0     4
   1.080   -0.053    0.217    0.000   0.0     4
  12.477   -5.622    4.857    1.157   0.0     5
 -35.157   14.811  -15.533    0.090   0.0     5
  -2.074    0.113   -0.415    0.000   0.0     5
   -999. -999. -999. 40403   2448   140.000 
  -0.202    0.017   -0.205    0.140   1.0     0
  -1.010   -4.037   -3.573    0.140   1.0     0
   3.583    9.694    6.051    0.140  -1.0     0
   1.338    5.770    3.673    0.140   1.0     0
  -0.128    0.521    0.088    0.140   1.0     0
  -0.922   -4.143   -4.318    0.140  -1.0     0
   1.316    0.450   -0.889    0.140   1.0     0
   0.327    0.994    0.942    0.140  -1.0     0
  -0.754   -1.990   -1.793    0.140  -1.0     0
  -0.257   -1.675   -1.845    0.140   1.0     1
  -0.266   -1.303   -1.451    0.140  -1.0     1
   0.329    0.744   -0.523    0.140   1.0     0
  -0.228   -0.845   -1.201    0.140   1.0     1
  -0.811    0.718   -1.580    0.140  -1.0     1
  -0.195   -0.512   -0.733    0.140  -1.0     0
  -0.152   -0.993   -1.505    0.140  -1.0     0
  -0.347   -0.277   -0.694    0.140  -1.0     0
   0.722    0.290   -0.192    0.140   1.0     0
  -0.248    0.013   -0.565    0.140  -1.0     0
   0.493    0.436   -0.188    0.140  -1.0     0
   1.632    1.745   -3.210    0.140   1.0     0
  -0.222    0.075   -0.413    0.140   1.0     0
  -1.074   -6.253   -6.154    0.000   0.0     4
  -0.260   -1.461   -1.385    0.000   0.0     4
  -0.341   -2.042   -2.157    0.000   0.0     4
   0.568    1.044    0.287    0.000   0.0     4
  -0.530   -0.309   -0.633    0.000   0.0     4
  -0.567   -2.839   -2.295    0.001   0.0     4
  -0.318   -1.006   -0.885    0.000   0.0     4
  -0.367    0.048   -0.712    0.000   0.0     4
  -0.448    0.011   -0.730    0.000   0.0     4
   0.208    0.285   -0.923    0.000   0.0     5
   0.702    1.911    0.045    0.000   0.0     5
  -0.170    1.080   -1.393    0.000   0.0     5
   -999. -999. -999. 40403   3317   140.000 
   2.253   -2.809    2.898    0.140   1.0     1
  -1.036    1.575    0.407    0.140  -1.0     0
  -1.022    0.478    0.767    0.140  -1.0     0
  -1.200    1.273   -0.581    0.140   1.0     0
  -0.741    1.686   -0.306    0.140  -1.0     0
   0.827   -0.214    0.602    0.140   1.0     0
  -1.024    1.093   -1.165    0.140   1.0     0
  -0.317    0.310   -0.034    0.140   1.0     0
   0.413   -0.515    0.528    0.140  -1.0     0
  -0.665    1.120   -0.384    0.140   1.0     0
  -0.410    0.613   -0.013    0.140   1.0     0
 -11.356   13.554  -22.513    0.139  -1.0     0
  -4.925    4.974   -9.749    0.140   1.0     0
   0.822   -0.966    1.949    0.140  -1.0     0
  -1.126    0.870   -2.495    0.140  -1.0     0
  -0.311    0.395   -0.335    0.140   1.0     0
  -0.321    0.149   -0.170    0.140  -1.0     0
  -0.136    0.252    0.083    0.140  -1.0     0
  10.071  -11.550   13.361    0.139   1.0     0
  -2.383    1.978   -3.174    0.140  -1.0     0
  -0.011    0.405    0.287    0.140  -1.0     0
  -0.057    0.435   -0.062    0.140   1.0     0
  -0.390    0.433    0.051    0.140  -1.0     0
  -0.439    0.391   -0.052    0.140   1.0     0
   1.212   -0.536    0.939    0.140  -1.0     0
  -0.529    0.562   -0.941    0.140  -1.0     0
  -0.433    0.419    0.849    0.140   1.0     0
   5.488   -6.824    7.185    0.000   0.0     4
   1.439   -1.932    2.071    0.025   0.0     4
   1.181   -1.218    1.631    0.000   0.0     4
   0.402   -0.519    0.587    0.013   0.0     4
   1.143   -1.417    1.646    0.000   0.0     4
   0.551   -0.674    1.081    0.017   0.0     4
  -2.044    2.185   -3.345    0.000   0.0     4
   1.437   -1.366    1.721    0.000   0.0     4
   0.416   -0.189    0.723    0.013   0.0     5
  -0.097    0.881   -1.205    0.075   0.0     5
   0.808   -1.559    1.841    0.178   0.0     5
   -999. -999. -999. 40403   4317   140.000 
  -0.640   -0.473   -0.530    0.140   1.0     0
  -5.117   -3.656    1.149    0.140  -1.0     0
   0.402    0.233    0.411    0.140   1.0     0
  -0.850   -0.410   -0.151    0.140  -1.0     0
   5.764    1.971    4.963    0.140  -1.0     2
  -1.080   -0.706   -0.402    0.140   1.0     0
  -2.375   -1.464   -0.397    0.140   1.0     0
   1.091    0.858    1.207    0.140   1.0     0
  -0.532   -0.867   -0.300    0.140  -1.0     0
  -0.440   -0.364   -0.020    0.140   1.0     0
   0.528    0.876    0.858    0.140   1.0     1
  -0.630   -0.240    0.261    0.140   1.0     0
   0.482    0.381    0.705    0.140  -1.0     0
  -7.962   -6.944    0.914    0.140  -1.0     0
   0.262    0.059    0.680    0.140  -1.0     0
   0.343    0.049    0.062    0.140  -1.0     0
   1.478    0.888    0.976    0.140  -1.0     0
   0.366    0.452    0.486    0.140  -1.0     0
  -0.221    0.918    1.078    0.140   1.0     0
  -0.260   -0.070    0.263    0.140   1.0     0
   0.556    1.317    2.855    0.140   1.0     1
  -0.883   -0.624    0.217    0.000   0.0     4
   2.346    0.901    1.909    0.000   0.0     4
   0.748    0.345    0.789    0.000   0.0     4
   0.414    0.749    2.186    0.000   0.0     4
   0.776    0.278    0.923    0.000   0.0     4
   0.730    0.272    0.442    0.013   0.0     4
   1.471    1.292    1.684    0.000   0.0     4
  -1.923   -0.988    0.083    0.000   0.0     4
  -1.628   -0.700    0.050    0.000   0.0     4
   0.335    0.479    0.595    0.032   0.0     5
   0.096    0.630    0.883    0.001   0.0     5
  -0.229   -1.460   -0.042    0.000   0.0     5
  -3.011   -1.061    0.255    0.000   0.0     5
   0.323   -0.894   -0.569    0.000   0.0     5
   -999. -999. -999. 40403   4550   140.000 
  -0.040   -0.188    0.112    0.140   1.0     0
   4.930    0.993    1.138    0.140   1.0     0
 -20.844    2.567   -0.271    0.139  -1.0     0
   2.794   -4.028   -1.832    0.140   1.0     0
   6.376    0.574    1.778    0.140  -1.0     0
 -16.512    2.574   -0.730    0.140  -1.0     0
   0.984   -1.159   -0.457    0.140   1.0     0
  -4.381    0.647   -0.053    0.140   1.0     0
   1.568   -1.117   -0.879    0.140   1.0     0
  -1.738   -0.407   -0.010    0.140  -1.0     0
  -2.784    0.115    0.335    0.140   1.0     0
   2.784    0.537    0.746    0.140   1.0     1
   0.696   -0.204    0.430    0.140   1.0     0
   1.101    0.314    0.529    0.140  -1.0     0
   0.489   -0.272   -0.197    0.140  -1.0     0
   0.464    0.033   -0.189    0.140  -1.0     0
   0.704    0.108    0.181    0.140  -1.0     0
  -1.462    0.193    0.140    0.140   1.0     0
   0.438    0.418    0.205    0.140  -1.0     0
   0.566   -0.383    0.246    0.140   1.0     0
  18.029    2.621    5.418    0.140   1.0     0
   0.449   -0.455   -0.322    0.140  -1.0     0
   1.611   -1.569   -1.172    0.140  -1.0     0
   0.029    0.192    0.099    0.140  -1.0     0
   0.478   -0.954   -0.336    0.140  -1.0     0
   4.743    0.912    1.094    0.031   0.0     4
 -16.298    2.799   -0.942    0.000   0.0     4
  -5.753    2.367    1.893    0.036   0.0     5
   8.171   -5.894   -7.588    0.050   0.0     5
   1.256    1.071   -1.516    0.000   0.0     5
   0.600   -0.500   -0.291    0.000   0.0     5
   1.954   -0.173   -0.594    0.000   0.0     5
   -999. -999. -999. 40403   5669   140.000 
  -7.068   -3.172    0.328    0.140  -1.0     0
  -9.515   -4.894    0.662    0.140   1.0     2
  -3.931   -1.875    0.537    0.140   1.0     0
  14.689    7.889  -15.569    0.140   1.0     0
  -0.920   -0.376    0.227    0.140  -1.0     0
  -0.379   -0.149    0.042    0.140  -1.0     0
  -0.441   -0.250   -0.002    0.140  -1.0     0
   1.450    0.559   -2.033    0.140   1.0     0
  -0.365   -0.109   -0.366    0.140   1.0     0
   1.658    1.026   -2.662    0.140  -1.0     1
   0.033   -0.413   -0.500    0.140  -1.0     0
  -0.086   -0.122   -0.028    0.140  -1.0     0
  -0.217    0.144    0.015    0.140   1.0     0
   0.077   -0.196    0.170    0.140   1.0     0
   2.769    0.870   -2.903    0.140   1.0     0
  -0.547   -0.680    0.163    0.140   1.0     0
   0.657    0.004   -0.520    0.140  -1.0     0
  -4.785   -2.291    0.005    0.000   0.0     4
  -1.707   -0.877    0.021    0.020   0.0     4
   1.693    0.775   -1.911    0.000   0.0     4
   0.698    0.401   -0.751    0.000   0.0     4
   1.095    0.518   -1.407    0.000   0.0     4
   1.104    0.792   -1.411    0.000   0.0     4
  -1.307   -0.359   -0.093    0.016   0.0     4
   2.486    0.808   -3.279    0.002   0.0     4
  -4.778   -2.360    0.360    0.926   0.0     5
   -999. -999. -999. 40403   5905   140.000 
   5.581   -4.161    1.828    0.140   1.0     0
  13.210   -9.630    4.176    0.140   1.0     0
   7.032   -5.123    2.704    0.140  -1.0     0
  -3.107    2.059    2.925    0.140  -1.0     0
 -13.552   10.816   13.297    0.139  -1.0     0
  -3.535    2.796    3.219    0.140   1.0     0
   4.126   -3.097    1.443    0.033   0.0     4
  -7.269    6.334    7.516    1.890   0.0     5
   -999. -999. -999. 40403   6642   140.000 
  -0.725   -0.786   -0.892    0.140   1.0     0
   0.016   -0.182   -0.111    0.140   1.0     0
  -0.990   -1.416    0.525    0.140   1.0     0
  -0.205   -0.986   -0.098    0.140   1.0     0
   0.060    3.689   -3.489    0.140   1.0     0
  -0.650    6.843   -5.929    0.140  -1.0     0
  -0.568   -1.102   -0.169    0.140  -1.0     1
  -1.316   -0.238   -0.186    0.140   1.0     0
  -0.618   -0.014   -0.193    0.140   1.0     0
   0.679   -0.406   -0.438    0.140  -1.0     0
   0.398   -0.301   -0.355    0.140   1.0     0
   0.015   -0.401   -0.248    0.140   1.0     0
   0.233    0.363   -0.208    0.140  -1.0     0
   0.453   -0.296   -0.110    0.140  -1.0     0
   0.358   -0.772   -0.261    0.140  -1.0     0
   0.960   -0.678   -0.281    0.140  -1.0     0
  -0.157    0.201   -0.219    0.140  -1.0     0
  -0.223   -0.173   -0.094    0.140  -1.0     0
  -0.291   -0.024    0.077    0.140   1.0     0
  -0.069    0.221   -0.125    0.140   1.0     0
  -0.762   -0.326   -0.300    0.140  -1.0     0
   1.111    0.309   -0.787    0.140   1.0     0
   0.616   -0.108    0.453    0.140  -1.0     0
   0.309   -1.122   -0.363    0.140  -1.0     0
  -0.036   -0.231   -0.307    0.140   1.0     0
   0.162   -0.066    0.267    0.140   1.0     0
  -0.270    0.022   -0.253    0.140  -1.0     0
   0.158    0.121    0.214    0.140  -1.0     0
  -0.381    5.116   -4.088    0.000   0.0     4
  -0.081    1.780   -1.501    0.022   0.0     4
  -1.008   -1.452    0.398    0.001   0.0     4
   0.019    5.775   -5.323    0.040   0.0     4
  -0.017    1.900   -1.724    0.023   0.0     4
  -1.393   -0.277   -0.701    0.000   0.0     4
  -0.984   -0.107   -0.577    0.015   0.0     4
  -0.222   -0.876    0.406    0.000   0.0     4
  -1.102   -2.826   -0.423    0.000   0.0     4
  -0.098   -0.837   -0.406    0.000   0.0     4
   0.561   -1.144    0.155    0.000   0.0     4
   0.445   -1.383   -0.338    0.000   0.0     4
   0.953   -1.837   -0.477    0.021   0.0     4
   2.053   -0.726   -1.221    0.001   0.0     4
  -1.129   -0.875   -0.238    0.017   0.0     5
  -0.023    0.869   -0.801    0.135   0.0     5
  -0.480    1.187   -0.553    0.001   0.0     5
   0.082    1.999   -1.977    0.024   0.0     5
  -0.603    0.989   -0.460    0.001   0.0     5
  -0.666   -1.015    0.381    0.001   0.0     5
  -0.911   -1.631    0.431    0.020   0.0     5
