 Year   ECM (GeV)   Int Lumi (pb-1)  CLAS16 Events
 1995      130         2.88           1385
 1995      136         2.86           1162
 1995      140         0.050            15
 1996      161        11.08           1920
 1996      165         0.04              5
 1996      170         1.11            167
 1996      172         9.54           1456
 1997      183        57.01           7798
 1998      189       177.08          22154
 1999      192        29.01           3593 
 1999      196        82.62           9718
 1999      200        87.85           9821
 1999      202        42.13           4552
 2000      200         0.84            117
 2000      202         0.70             60
 2000      203         1.75            202
 2000      204         8.34            899
 2000      205        71.62           7599
 2000      206        67.86           6899
 2000      207        61.53           6508
 2000      208         7.27            729
 2000      209         0.075             6

 



