   -999. -999. -999. 42655     31   164.509 
  -0.148    0.318    0.033    0.140  -1.0     0
  -0.185    0.158    0.102    0.140   1.0     0
  -0.161   -0.018   -0.108    0.140  -1.0     0
  -1.847   -4.886    0.592    0.140  -1.0     0
  -2.603   -9.446    0.040    0.140   1.0     0
   0.025   -5.104   -0.656    0.140  -1.0     0
   0.037   -1.599   -0.201    0.140  -1.0     0
  -0.392   -1.490   -0.294    0.140   1.0     0
  -0.033   -1.772   -0.525    0.140  -1.0     0
  -0.153   -0.594    0.127    0.140  -1.0     0
  -0.048   -1.945   -0.601    0.140   1.0     0
  -0.121    0.979    1.248    0.140   1.0     0
  -0.034   -1.559   -0.058    0.140  -1.0     1
   0.909    5.819    9.192    0.140   1.0     1
   0.232    0.840    1.432    0.140  -1.0     0
   1.098    4.736    8.683    0.140   1.0     0
   0.766    4.131    7.515    0.140  -1.0     0
   0.194   -0.146   -0.378    0.140   1.0     0
  -0.084    0.390   -0.034    0.140   1.0     0
   0.039    0.767    0.478    0.140  -1.0     0
  -0.313    0.284    0.376    0.140  -1.0     0
   0.360    1.024    1.705    0.140  -1.0     1
   0.137    0.796    1.447    0.140   1.0     0
   0.869    5.049    7.801    0.000   0.0     4
   1.127    4.182    6.511    0.000   0.0     4
   0.289    1.737    2.881    0.026   0.0     4
   0.591    2.773    4.360    0.032   0.0     4
  -0.136   -1.289   -0.030    0.000   0.0     4
  -0.156    0.833    1.339    0.000   0.0     4
   0.062   -0.848    0.000    0.000   0.0     4
   0.725   -1.906   -0.287    0.167   0.0     5
   -999. -999. -999. 42655    222   164.509 
  -1.353   -3.813    0.361    0.140  -1.0     0
  -0.319   -0.239    0.023    0.140  -1.0     0
   0.247    0.005    0.111    0.140   1.0     0
  -2.320   -5.884    0.705    0.140   1.0     0
  -2.581   -5.699    0.620    0.140  -1.0     0
   2.992    3.221    3.569    0.140  -1.0     0
   4.630    2.312    4.337    0.140   1.0     0
  -0.500   -1.232   -0.296    0.140  -1.0     0
  -1.561   -0.936   -2.011    0.140   1.0     0
   2.687    2.227    1.907    0.140   1.0     0
  -0.463   -2.125    0.024    0.140   1.0     0
   7.001    3.620    8.227    0.140  -1.0     0
   3.021    1.503    2.814    0.140   1.0     0
  -0.636   -0.433   -0.020    0.140  -1.0     0
  -0.706   -0.142    0.172    0.140   1.0     0
  -5.140   -0.319   -6.966    0.140   1.0     0
  -6.944    1.584  -11.316    0.140  -1.0     0
   0.532    0.548    0.621    0.140   1.0     0
  -0.201   -0.230   -0.377    0.140  -1.0     0
   3.201    1.444    3.076    0.140  -1.0     0
   0.613    0.412    0.727    0.140  -1.0     0
   0.288    0.099    0.262    0.140   1.0     0
  -1.769   -4.456    0.476    0.000   0.0     4
  -0.676   -1.788    0.111    0.020   0.0     4
   5.079    2.430    4.924    0.000   0.0     4
   5.424    2.496    4.535    0.039   0.0     4
 -13.760    2.793  -20.799    0.071   0.0     4
  -2.360    0.550   -3.680    0.000   0.0     4
  -0.608    0.053   -0.962    0.000   0.0     4
  -1.226    0.147   -1.953    0.000   0.0     4
   1.881    0.643    1.379    0.000   0.0     4
   3.455    3.621    4.574    0.000   0.0     4
   0.776    0.747    0.958    0.000   0.0     4
  -0.629   -1.086    0.412    0.001   0.0     4
  -1.401   -2.654    0.719    0.000   0.0     4
  -0.611   -0.202   -0.917    0.138   0.0     5
   0.617    0.189    0.597    0.000   0.0     5
   0.033   -1.744   -0.424    0.019   0.0     5
   -999. -999. -999. 42655    957   164.509 
  -0.323    0.073    0.187    0.140  -1.0     0
   0.173    0.159   -0.147    0.140   1.0     0
  -6.019    0.618    2.676    0.140  -1.0     0
  -1.817    0.131    0.900    0.140  -1.0     0
  -3.246    0.727    1.264    0.140   1.0     0
  -5.160    0.149    1.299    0.140   1.0     0
  -2.416    0.026    0.771    0.140   1.0     0
   1.013   -0.176   -0.864    0.140   1.0     0
  -1.404    0.196    0.513    0.140   1.0     0
  -0.694   -0.307    0.339    0.140  -1.0     0
   1.177   -0.190   -1.745    0.140  -1.0     0
   1.673    0.222   -2.414    0.140   1.0     0
   1.051    0.135   -2.131    0.140  -1.0     0
   0.475    0.037   -1.077    0.140  -1.0     0
   0.203   -0.176   -0.712    0.140   1.0     0
  17.718   -1.506  -21.584    0.140   1.0     0
   0.231   -0.481   -0.065    0.140  -1.0     0
  -0.682    0.290    0.432    0.140  -1.0     0
 -11.012    0.899    3.968    0.000   0.0     4
  -2.268    0.126    0.881    0.001   0.0     4
   0.708    0.014   -0.755    0.000   0.0     4
  -3.012    0.478    0.476    0.000   0.0     4
   0.773   -0.167   -0.968    0.000   0.0     4
   1.050   -0.282   -1.673    0.000   0.0     4
   6.736    4.077  -23.183    0.000   0.0     4
   1.281   -1.331    0.653    0.130   0.0     5
   -999. -999. -999. 42655   3961   164.512 
 -10.497   -2.347   -9.845    0.140   1.0     0
 -13.542   -3.512  -12.052    0.140  -1.0     0
   4.129    0.594   -1.538    0.140   1.0     0
   2.861    0.766   -0.929    0.140  -1.0     0
  -0.683    0.013   -0.810    0.140   1.0     0
   1.749    0.606   -0.607    0.140   1.0     0
  -0.788   -0.173   -1.041    0.140   1.0     0
   1.082    0.444   -0.742    0.140  -1.0     0
   1.590    0.742   -1.092    0.140  -1.0     0
  -1.419   -0.268   -1.575    0.140  -1.0     0
   0.459   -0.156   -0.280    0.140   1.0     0
   7.998    1.925   -2.340    0.140   1.0     0
   2.465    0.660   -1.060    0.140   1.0     0
  -3.403   -0.657   -2.708    0.002   0.0     4
  -1.853   -0.407   -1.596    0.000   0.0     4
  -1.469   -0.374   -1.510    0.001   0.0     4
  -0.864   -0.105   -0.804    0.001   0.0     4
   1.283    0.406   -0.579    0.000   0.0     4
   0.457   -0.087   -0.769    0.000   0.0     5
  -0.624   -0.077   -0.655    0.000   0.0     5
