   -999. -999. -999. 53587   3570   208.591 
  -0.086   -0.166    0.036    0.140   1.0     0
  39.159    4.753    4.620    0.138  -1.0     0
  -0.678   -0.137   -0.687    0.140  -1.0     0
  -2.599   -0.828   -2.021    0.140   1.0     0
  -1.113    0.701   -0.518    0.140  -1.0     0
  -0.582    0.074   -0.154    0.140   1.0     0
  -1.165   -0.557   -0.504    0.140   1.0     0
   1.504    0.037    0.225    0.140  -1.0     1
   0.728    4.980    3.880    0.140   1.0     2
  -0.240   -0.166   -0.324    0.140  -1.0     0
  -0.118    0.163    0.318    0.140  -1.0     0
  -2.545   -0.571   -1.739    0.140  -1.0     0
  -1.331   -0.267   -0.812    0.140   1.0     0
  -0.907   -0.420   -0.352    0.140   1.0     0
  -0.337   -0.158   -0.413    0.140  -1.0     0
   0.054    0.229   -0.231    0.140   1.0     0
  17.858    1.616    2.124    0.000   0.0     4
  -2.127   -0.256   -1.598    0.000   0.0     4
   0.081    0.824    0.662    0.000   0.0     4
   0.011    1.607    1.491    0.000   0.0     4
   0.016    1.408    1.209    0.001   0.0     4
  -0.088    0.625    0.564    0.000   0.0     4
   0.017    1.666    1.047    0.001   0.0     4
  -1.368   -0.434   -0.679    0.000   0.0     4
 -35.361  -10.773  -21.591    0.000   0.0     4
  -1.049   -0.188   -0.627    0.000   0.0     4
  -1.534   -0.438   -1.115    0.001   0.0     4
  -1.943   -0.416   -1.478    0.000   0.0     4
  34.545    4.968    4.173    0.000   0.0     5
  -1.365   -0.414   -0.845    0.000   0.0     5
   -999. -999. -999. 55705   1723   208.632 
  -9.052   12.585    6.661    0.140   1.0     0
  -1.197    1.851    0.938    0.140  -1.0     0
  -1.297    1.158    0.320    0.140   1.0     0
  -0.149    0.572    0.038    0.140  -1.0     0
   9.761  -12.565   24.779    0.140  -1.0     0
   2.048   -3.121    5.907    0.140   1.0     0
   0.152   -0.504    0.868    0.140   1.0     0
  -0.213    0.263   -0.034    0.140   1.0     0
   0.354    0.095    0.777    0.140   1.0     0
   0.181   -0.311    0.696    0.140  -1.0     0
  -5.311    6.914    3.384    0.000   0.0     4
   5.683   -8.996   20.342    0.000   0.0     4
   1.226   -1.845    3.599    0.000   0.0     4
   0.394   -0.443    0.819    0.000   0.0     4
   2.832   -1.854    6.148    0.037   0.0     5
   -999. -999. -999. 58363     48   206.759 
  -3.764   -0.096   -0.192    0.140  -1.0     0
  43.912  -22.594   51.423    0.144  -1.0     1
  -5.622    1.920   -0.121    0.140  -1.0     0
  -5.181    0.029   -0.312    0.140   1.0     0
  -3.148    0.980    0.420    0.140  -1.0     0
  -2.636    0.092    0.100    0.140   1.0     0
  -1.236   -0.519   -0.167    0.140  -1.0     0
  -0.407    0.087   -0.191    0.140   1.0     0
  -0.924    0.216   -1.302    0.140   1.0     0
  -0.343   -0.124    0.353    0.140   1.0     0
  -5.786    1.431    0.433    0.140   1.0     0
  -0.057   -0.606   -1.092    0.140   1.0     0
   0.492   -1.498   -3.194    0.140  -1.0     0
   0.791   -2.909   -7.482    0.140  -1.0     0
   0.111   -0.137   -0.399    0.140  -1.0     0
  -2.932    0.388   -0.722    0.140  -1.0     0
  -0.169    0.505   -0.219    0.140   1.0     0
  -0.154   -0.369   -0.944    0.140  -1.0     0
  -0.756    0.272   -0.676    0.140   1.0     0
  -1.202   -0.238   -0.180    0.001   0.0     4
  -3.823    0.600    0.339    0.000   0.0     4
   0.178   -0.548   -1.322    0.000   0.0     4
   0.134   -0.349   -0.833    0.000   0.0     4
   1.374   -1.055   -3.656    0.000   0.0     4
  -0.020   -0.339   -0.783    0.000   0.0     4
  -3.422    1.639    0.207    0.000   0.0     4
  -0.907    0.496   -0.023    0.000   0.0     4
  -1.102    0.462   -0.124    0.000   0.0     4
  -1.374    0.102   -0.238    0.017   0.0     4
  -3.265    0.352    0.373    0.026   0.0     5
  -0.987   -1.615   -0.801    0.000   0.0     5
   0.155   -0.279   -0.754    0.000   0.0     5
   0.298   -0.461   -1.629    0.001   0.0     5
  -2.211    1.151    0.352    0.022   0.0     5
