   -999. -999. -999. 53202   4238   201.811 
   0.268   -0.268    0.036    0.140  -1.0     0
  -0.064    0.173    0.072    0.140  -1.0     0
  -0.889    1.452    1.251    0.140   1.0     0
   2.182   -2.950    0.754    0.140   1.0     0
   0.724   -2.117    0.987    0.140   1.0     0
   4.903  -13.596    8.015    0.140  -1.0     0
  -0.844    1.196    1.042    0.140  -1.0     0
 -43.138   11.000  -27.190    0.140   1.0     2
  -1.775    3.255    4.098    0.140  -1.0     0
  -0.592   -0.109    0.155    0.140  -1.0     0
  -0.944   -1.911   -0.903    0.140  -1.0     0
  -0.044   -0.410    0.237    0.140  -1.0     0
  -0.455    0.264    0.256    0.140  -1.0     0
   0.157   -0.454   -0.030    0.140  -1.0     0
  -0.037    0.555    0.274    0.140   1.0     0
   0.154    1.275    2.905    0.140  -1.0     0
  -0.331    0.339    1.048    0.140  -1.0     0
  -0.117    0.153    0.376    0.140  -1.0     0
  -0.172   -0.069    0.120    0.140   1.0     0
  -0.003   -0.169    0.118    0.140   1.0     0
  -1.171    0.979    1.413    0.140   1.0     0
  -0.290   -0.376   -0.294    0.140   1.0     0
  -0.507   -0.147    0.344    0.140  -1.0     0
  -0.854    1.299    1.602    0.140  -1.0     0
   0.261   -0.250   -0.435    0.140   1.0     0
  -0.207    0.246    0.269    0.140   1.0     0
  -0.289    0.597    1.068    0.140   1.0     0
  -0.093    0.331    0.658    0.140  -1.0     0
   0.619   -1.181    0.723    0.001   0.0     4
   0.470    0.788    3.426    0.001   0.0     4
  -0.084    0.773    2.998    0.000   0.0     4
  -0.336    0.240    0.888    0.000   0.0     4
  -0.711    0.787    1.044    0.000   0.0     4
   0.281   -0.618    0.434    0.000   0.0     4
   1.124   -0.757    0.767    0.000   0.0     4
   0.607   -0.977    0.575    0.000   0.0     4
   0.836   -0.736    0.549    0.016   0.0     4
   0.830   -0.612    0.484    0.000   0.0     4
   0.806   -0.884    0.552    0.000   0.0     4
   0.752   -1.002    0.531    0.000   0.0     4
   0.676   -0.863    0.206    0.000   0.0     4
   0.711   -0.700    0.086    0.000   0.0     4
  -0.122    1.115    2.641    0.024   0.0     5
   0.633    0.678    4.095    0.029   0.0     5
   -999. -999. -999. 53202   5778   201.810 
   0.656   -0.339    0.329    0.140   1.0     0
  -0.316    0.118    0.049    0.140   1.0     0
  -0.195   -0.164   -0.089    0.140  -1.0     0
  -3.192   -0.523   -0.730    0.140   1.0     0
   2.009   -1.597    1.549    0.140  -1.0     0
  -8.732    4.644    4.021    0.140   1.0     0
  -4.551   -8.042   -1.767    0.140  -1.0     0
   4.973    3.017   -1.598    0.140   1.0     0
   1.809   -1.513    0.955    0.140   1.0     1
  -1.854   -0.824   -0.625    0.140   1.0     1
  -2.660    1.016    1.406    0.140   1.0     1
  -2.671    1.439    1.352    0.140   1.0     0
   5.373   -5.095    2.156    0.140  -1.0     0
   1.650    0.876   -0.243    0.140   1.0     0
  -2.750    2.089    1.831    0.140  -1.0     0
  -0.323    1.923    0.210    0.140  -1.0     0
   3.668   -2.158    1.804    0.140   1.0     0
   0.612    0.099   -0.107    0.140   1.0     0
   0.326    0.990    0.204    0.140   1.0     0
   1.082   -0.106    0.582    0.140  -1.0     0
   0.659   -0.473   -0.030    0.140   1.0     0
   1.080   -1.016    0.856    0.140   1.0     0
   0.623    0.754    0.433    0.140  -1.0     0
  -1.393    0.808    0.361    0.140  -1.0     0
  -1.246    0.067   -0.285    0.140  -1.0     0
   0.579    0.142    0.391    0.140   1.0     0
  -0.932    0.370    0.752    0.140  -1.0     0
   0.407   -0.023    0.026    0.140   1.0     0
  -0.266    0.535    0.249    0.140   1.0     0
  -0.545   -0.678    0.367    0.140  -1.0     0
   0.385   -0.255    0.102    0.140  -1.0     0
  -0.130    0.530   -0.706    0.140   1.0     0
  -6.472   -2.726   -3.785    0.140  -1.0     0
   1.408    0.771   -0.184    0.140  -1.0     0
   0.535   -0.226    0.527    0.140   1.0     0
   1.387   -0.331   -1.880    0.140   1.0     0
   0.929    0.355   -1.015    0.140  -1.0     0
   0.660   -0.169   -0.936    0.140   1.0     0
  -0.222   -0.062   -0.069    0.140  -1.0     0
  -0.161    1.193   -2.940    0.140   1.0     0
  -0.087    0.446   -1.021    0.140   1.0     0
  -0.163   -0.096   -0.256    0.140  -1.0     0
   0.426    1.399   -3.427    0.140  -1.0     0
  -0.349    0.168    0.196    0.140  -1.0     0
   0.188   -0.122    0.114    0.140   1.0     0
  -0.849   -0.126   -0.620    0.140   1.0     0
   1.087   -0.419   -0.746    0.140   1.0     0
   0.807   -0.059    0.363    0.140  -1.0     0
   0.454    0.234   -0.586    0.140  -1.0     0
  -0.373   -0.175    0.351    0.140   1.0     0
   0.179    0.290   -0.327    0.140   1.0     0
   0.004    0.799   -1.100    0.140  -1.0     0
   0.243    0.959   -1.585    0.140  -1.0     0
   0.539    0.185   -0.981    0.140  -1.0     0
  -0.086    0.129   -0.102    0.140   1.0     0
   0.260    0.475    0.055    0.140   1.0     0
   2.236    0.117    1.177    0.140   1.0     0
  -2.286    1.312    1.324    0.000   0.0     4
   0.772   -0.454    0.085    0.000   0.0     4
   1.233   -0.555    0.272    0.000   0.0     4
   4.350   -3.672    2.026    0.002   0.0     4
   0.629   -0.552    0.274    0.000   0.0     4
   1.281   -2.224    1.404    0.001   0.0     4
   1.647    0.635   -0.425    0.000   0.0     4
   1.314    0.321   -0.537    0.000   0.0     4
  -0.895    0.398    0.555    0.001   0.0     4
  -1.144    0.385    0.542    0.000   0.0     4
  -2.287   -0.926   -0.870    0.000   0.0     4
  -1.032   -0.318   -0.430    0.015   0.0     4
  -0.058   -0.797    0.421    0.000   0.0     4
   1.807   -1.173    0.741    0.021   0.0     4
   0.891   -0.779    0.140    0.000   0.0     4
  -0.107    0.284   -0.791    0.000   0.0     4
  -0.235    0.471   -1.743    0.001   0.0     4
   1.195   -0.199    0.698    0.017   0.0     5
  -0.835   -3.173   -0.571    0.026   0.0     5
   0.754   -0.801   -0.744    0.016   0.0     5
   1.365    0.264   -0.108    0.029   0.0     5
  -0.785    0.748    0.441    0.000   0.0     5
   0.168    0.605   -0.833    0.000   0.0     5
   -999. -999. -999. 53202   6468   201.810 
   7.403   -7.755   -1.963    0.140  -1.0     1
   5.252   -4.751   -1.033    0.140   1.0     0
   2.705   -1.838   -1.155    0.140   1.0     0
   4.163   -2.934   -2.670    0.140  -1.0     0
   1.700   -1.178   -1.351    0.140  -1.0     0
  -1.266   -0.230   -0.192    0.140   1.0     0
  -5.600   -0.050   -1.680    0.140   1.0     0
   3.054   -2.457   -0.892    0.140  -1.0     0
  -3.816   -0.154   -1.376    0.140   1.0     0
   3.063   -2.390   -0.473    0.140  -1.0     0
   1.005   -1.181   -0.135    0.140   1.0     0
   1.707   -1.706   -0.442    0.140   1.0     1
   0.377   -0.259   -0.347    0.140  -1.0     0
  -1.191   -0.345   -0.507    0.140  -1.0     0
  -1.256   -0.496   -0.694    0.140  -1.0     0
  -4.256   -0.889   -1.862    0.140  -1.0     0
   0.237    0.120   -0.273    0.140   1.0     0
   1.975   -1.255   -1.737    0.140   1.0     0
   0.358   -0.483    0.179    0.140  -1.0     0
  -0.752   -0.082   -0.259    0.140   1.0     0
   3.022   -2.636   -2.202    0.000   0.0     4
   2.179   -2.082   -1.031    0.000   0.0     4
   1.952   -1.394   -0.521    0.002   0.0     4
  15.511  -15.810   -4.383    0.000   0.0     4
   3.868   -4.091   -1.021    0.000   0.0     4
   0.856   -0.552   -0.512    0.000   0.0     4
 -39.154   63.568   32.979    0.000   0.0     4
  -4.727   -0.713   -1.350    0.000   0.0     4
  -1.306   -0.182   -0.354    0.001   0.0     4
  -2.135   -0.322   -0.505    0.000   0.0     4
   0.369   -0.733    0.005    0.000   0.0     4
   1.302   -0.751   -1.095    0.000   0.0     4
  -0.724   -0.569   -0.433    0.000   0.0     5
   -999. -999. -999. 53202   7895   201.700 
   0.298    0.666   -0.285    0.140  -1.0     0
   0.176   -0.345   -0.136    0.140  -1.0     0
   1.277   -0.643    0.185    0.140   1.0     0
 -26.543  -37.348   22.411    0.138  -1.0     1
   3.565   10.081   -5.911    0.140  -1.0     0
   3.618   10.187   -5.250    0.140   1.0     0
   5.081   -3.647    4.783    0.140  -1.0     0
   5.023   -3.645    4.150    0.140   1.0     0
   1.439   -0.626    0.448    0.140   1.0     0
   4.233   11.295   -6.273    0.140   1.0     0
   0.382    0.039   -0.322    0.140  -1.0     0
   0.139    0.281   -0.756    0.140  -1.0     0
   0.058    0.344   -0.020    0.140   1.0     0
   2.016   -1.314    1.015    0.140  -1.0     0
   0.103    0.469   -0.184    0.140  -1.0     0
   0.745   -0.076   -0.937    0.140   1.0     0
   1.554    4.544   -2.506    0.002   0.0     4
   2.160    6.178   -3.769    0.000   0.0     4
   1.108    4.025   -2.384    0.000   0.0     4
   0.589   -0.508    0.531    0.014   0.0     4
   0.962    0.056   -0.309    0.014   0.0     4
   0.880    1.123   -0.846    0.001   0.0     4
   1.077    1.633   -1.191    0.000   0.0     4
  -0.351   -1.708    0.823    0.000   0.0     4
   0.744   -1.553   -1.282    0.000   0.0     4
   0.379   -0.696   -0.461    0.014   0.0     4
   0.296   -0.404   -0.772    0.000   0.0     4
   0.886   -0.804   -1.882    0.000   0.0     4
   -999. -999. -999. 53202   9609   201.700 
  10.566    2.516   -0.726    0.140   1.0     0
  16.052   -3.973    0.328    0.139   1.0     2
   4.280    1.049   -0.630    0.140  -1.0     0
   2.667    0.650   -0.438    0.140  -1.0     0
   1.215   -0.093   -0.310    0.140   1.0     0
   9.887   -2.633    0.378    0.140  -1.0     0
 -25.557    3.291   -0.965    0.140   1.0     1
  -2.315    0.501   -0.300    0.140  -1.0     0
  -2.657    0.485   -0.101    0.140  -1.0     1
   1.160   -0.211    0.190    0.140   1.0     0
   0.523   -0.109    0.091    0.140  -1.0     0
  -2.487    0.340   -0.148    0.140   1.0     0
   0.029   -0.252    0.170    0.140   1.0     0
  -0.496   -0.661   -0.300    0.140  -1.0     0
   2.350    0.529   -0.124    0.022   0.0     4
  23.872   -6.210   -0.440    0.000   0.0     4
  -6.730    0.996   -0.251    0.000   0.0     4
  -1.240   -0.117   -0.128    0.001   0.0     4
   1.090   -0.101    0.569    0.000   0.0     4
   1.371   -0.221    0.572    0.001   0.0     4
  18.342   -2.776    2.927    0.060   0.0     5
 -60.319    8.023   -1.954    0.112   0.0     5
   -999. -999. -999. 53202   9966   201.700 
   4.359    4.718    0.194    0.140   1.0     0
  -0.129   -0.245   -0.118    0.140   1.0     0
  -0.152   -0.139   -0.018    0.140  -1.0     0
  16.489   19.083    1.171    0.140  -1.0     0
   4.545    2.020    4.304    0.140  -1.0     0
   1.488    1.084    0.348    0.140  -1.0     0
   2.673    2.628    1.007    0.140   1.0     0
  -0.688   -0.696   -0.107    0.140   1.0     0
  -0.473   -0.248   -0.186    0.140   1.0     0
   8.884   10.218    1.349    0.140  -1.0     0
   4.874    5.007    0.535    0.140   1.0     0
   0.097    0.337    0.727    0.140   1.0     0
  -0.161   -0.201   -0.005    0.140   1.0     0
   0.095    0.398    0.469    0.140  -1.0     0
   0.482    0.496    0.371    0.140   1.0     0
  -0.132   -0.357    0.265    0.140  -1.0     0
   0.559    0.670   -0.076    0.000   0.0     4
   5.111    5.742    0.348    0.003   0.0     4
   0.975    0.924    0.261    0.001   0.0     4
   3.285    3.325    0.661    0.031   0.0     4
   0.669    0.654    0.146    0.014   0.0     4
   0.776    0.574    0.241    0.000   0.0     4
   0.111    0.413    0.746    0.000   0.0     4
   0.379    0.710    0.012    0.000   0.0     4
  -2.154    0.100   -0.261    0.000   0.0     4
  -3.328   -3.113   -0.471    0.000   0.0     4
  -2.000   -2.093   -0.278    0.000   0.0     4
  -1.047   -1.271   -0.157    0.018   0.0     4
  -7.494   -7.902   -2.265    0.005   0.0     4
  -2.373   -2.761   -0.743    0.027   0.0     4
  -2.220   -2.728   -0.774    0.000   0.0     4
  -2.596   -2.640   -0.913    0.000   0.0     4
  -1.042   -1.059   -0.326    0.000   0.0     4
  -3.276   -3.195   -1.093    0.000   0.0     4
  -3.146   -3.960   -0.916    0.000   0.0     4
  -1.282   -1.411   -0.452    0.000   0.0     4
  -0.455   -0.628   -0.244    0.013   0.0     4
   2.248    0.770    1.906    0.350   0.0     5
 -26.797  -28.930   -7.761    0.018   0.0     5
   -999. -999. -999. 53202  11026   201.703 
  -0.127    0.061   -0.122    0.140  -1.0     0
   4.156   -8.299  -10.333    0.140  -1.0     0
  -3.166    5.725   -3.166    0.140   1.0     0
   0.875   -1.898   -2.368    0.140   1.0     0
  -0.372    2.201   -2.465    0.140  -1.0     0
   2.133   -4.779   -6.351    0.140   1.0     0
  -0.978    2.851   -0.488    0.140  -1.0     0
  -2.564    8.989   -1.090    0.140   1.0     0
   1.711   -2.130   -2.580    0.140  -1.0     0
  -4.689   -1.207   -7.944    0.140  -1.0     0
   1.302   -3.629   -5.015    0.140   1.0     0
  -2.130    0.602   -5.577    0.140   1.0     0
  -0.959    0.238   -1.560    0.140   1.0     0
   1.010   -1.847   -1.815    0.140  -1.0     0
  -0.669    0.900   -0.439    0.000   0.0     4
   0.217   -1.011   -1.306    0.001   0.0     4
   0.892   -1.518   -1.900    0.000   0.0     4
  -0.868    0.313   -2.199    0.000   0.0     4
  -0.426    1.762   -1.490    0.000   0.0     4
  -0.324    1.387   -1.033    0.000   0.0     4
  -0.751    1.238   -1.480    0.000   0.0     4
   1.359   -2.055   -2.817    0.027   0.0     4
  -1.134    0.675   -1.077    0.018   0.0     5
   7.591  -18.633  -21.638    0.077   0.0     5
  -0.404    1.817   -1.356    0.021   0.0     5
  -0.679   -0.135   -1.025    0.000   0.0     5
   0.175   -0.811   -2.410    0.001   0.0     5
   0.166   -0.506   -0.612    0.000   0.0     5
  -0.635    2.094   -0.797    0.022   0.0     5
   0.566   -1.249   -0.958    0.001   0.0     5
   0.606   -0.922   -0.758    0.001   0.0     5
   0.158    0.187   -1.161    0.000   0.0     5
   -999. -999. -999. 53202  12211   201.703 
   0.111   -0.119   -0.101    0.140   1.0     0
   0.829   -2.406   -1.183    0.140   1.0     0
   0.665   -1.550   -1.157    0.140   1.0     0
   1.822   -2.693   -2.514    0.140  -1.0     0
  -2.155    5.053   -5.074    0.140  -1.0     0
  -1.073    2.336   -2.159    0.140  -1.0     0
   2.116   -4.759   -3.972    0.140   1.0     0
  -0.333    0.751   -0.530    0.140   1.0     0
   0.321   -1.016   -0.704    0.140  -1.0     0
   0.946   -1.487   -0.940    0.140   1.0     0
   0.485   -1.031   -0.660    0.140  -1.0     0
  -4.920    5.710   -5.775    0.139   1.0     1
  -5.538    9.946  -10.606    0.140   1.0     0
   0.107   -0.312   -0.399    0.140  -1.0     0
   1.791   -0.975   -4.630    0.140   1.0     0
   1.458   -3.620   -2.634    0.140  -1.0     0
  -0.757    1.332   -3.225    0.140  -1.0     0
   0.510   -0.541   -0.559    0.000   0.0     4
  -2.168    4.772   -4.840    0.000   0.0     4
  -0.288    0.627   -0.562    0.000   0.0     4
  -0.401    0.686   -0.814    0.000   0.0     4
  -0.588    1.021   -1.078    0.000   0.0     4
  -0.419    0.739   -0.832    0.000   0.0     4
   2.254   -4.338   -3.923    0.002   0.0     4
   2.185   -3.727   -2.477    0.032   0.0     4
   1.767   -3.394   -2.613    0.000   0.0     4
   0.303   -0.683   -0.557    0.014   0.0     4
   1.000   -1.560   -1.148    0.000   0.0     4
   1.116   -2.049   -1.694    0.000   0.0     4
  -0.414    2.113   -2.961    0.000   0.0     4
   0.879   -4.279   -2.939    0.662   0.0     5
  -0.107    0.743   -0.544    0.000   0.0     5
   -999. -999. -999. 53202  15222   201.703 
  -3.472   -0.173    1.172    0.140   1.0     0
  -0.409    0.147   -0.145    0.140  -1.0     0
  -1.407    0.140    0.384    0.140  -1.0     0
  -3.219    0.339    2.029    0.140   1.0     1
   1.495    0.504   -1.308    0.140   1.0     0
   5.097   -0.128   -5.897    0.140   1.0     0
  -3.072    0.148    1.385    0.140  -1.0     0
  -0.665   -0.221    0.360    0.140   1.0     0
  -2.314    0.064    0.420    0.140   1.0     0
  -0.600   -0.476    0.228    0.140  -1.0     0
  -8.485    1.397    5.341    0.140  -1.0     1
  -4.174    0.696    2.665    0.140  -1.0     1
   1.150   -0.040   -1.020    0.140  -1.0     0
  -0.340   -0.279    0.428    0.140   1.0     0
 -10.982    1.069    7.226    0.000   0.0     4
  -2.053    0.201    1.430    0.000   0.0     4
  -6.209    0.973    3.734    0.038   0.0     4
  -0.919    0.125    0.534    0.000   0.0     4
   0.920    0.059   -0.687    0.000   0.0     4
  43.823   -3.857  -42.041    0.000   0.0     4
   0.759   -0.269   -0.919    0.000   0.0     4
   0.593   -0.212   -0.809    0.000   0.0     4
   0.772   -0.276   -1.199    0.017   0.0     4
  -7.473    1.462    3.525    1.607   0.0     5
   0.917   -0.041   -0.835    0.186   0.0     5
   0.764    0.069   -0.678    0.000   0.0     5
   -999. -999. -999. 53202  19291   201.705 
   0.085    0.276    0.196    0.140  -1.0     0
   0.058    0.186    0.228    0.140   1.0     0
   0.891    1.825    0.739    0.140  -1.0     0
   0.953    4.661    2.068    0.140   1.0     0
   0.725    1.710    0.450    0.140   1.0     0
   0.347    1.002    0.469    0.140  -1.0     0
   1.797    3.221    1.860    0.140  -1.0     0
   0.975    2.463    1.019    0.140   1.0     0
   0.360    0.867    0.768    0.140  -1.0     0
   0.472   -0.611   -1.568    0.140  -1.0     0
  -0.126   -0.167   -0.481    0.140  -1.0     0
  -0.438   -0.188   -0.941    0.140  -1.0     0
   0.244    0.454    0.078    0.140   1.0     0
  -0.065   -0.374   -0.634    0.140   1.0     0
   0.081   -0.463   -1.013    0.140   1.0     1
   0.569    1.053    0.390    0.140  -1.0     0
  -0.194   -0.797   -2.957    0.000   0.0     4
   0.345    0.762    0.239    0.000   0.0     4
  -1.106   -8.214  -33.626    1.543   0.0     5
   0.908   -0.022   -0.077    0.000   0.0     5
   0.356    0.841   -0.657    0.000   0.0     5
  -0.076   -0.750   -1.930    0.000   0.0     5
  -0.750   -0.914   -0.847    0.001   0.0     5
  -0.219    0.048   -1.027    0.000   0.0     5
   -999. -999. -999. 53202  19873   201.705 
   0.328    0.034   -0.040    0.140   1.0     0
  -0.127   -0.187   -0.038    0.140  -1.0     0
   0.201   -0.019    0.069    0.140   1.0     0
  -2.828    6.739    4.899    0.140  -1.0     0
  -0.179    1.403    0.145    0.140   1.0     0
  -0.837    2.515    1.307    0.140   1.0     0
   3.010   -3.873    0.834    0.140   1.0     0
  -0.733    0.466   -0.500    0.140  -1.0     0
   1.292   -1.860   -0.401    0.140  -1.0     0
   1.288   -1.257    0.226    0.140  -1.0     0
  -2.882    1.798   -3.890    0.140   1.0     0
   3.761   -5.128   -0.040    0.140  -1.0     0
   0.379   -2.375   -0.617    0.140  -1.0     0
   1.146   -2.418    0.172    0.140   1.0     0
  12.271  -23.601   -4.573    0.139   1.0     0
  -0.712    0.345   -0.793    0.140  -1.0     0
  -0.067   -0.282   -0.209    0.140  -1.0     0
   0.786   -1.096   -0.902    0.140   1.0     0
   0.307   -0.321    0.343    0.140  -1.0     0
   0.031    0.974    0.553    0.140  -1.0     1
  -0.746    0.171   -1.339    0.140   1.0     0
  -0.157    0.335   -0.713    0.140   1.0     0
  -4.686   10.540    7.065    0.052   0.0     4
  -2.141    5.432    3.591    0.003   0.0     4
  -1.092    2.762    2.077    0.000   0.0     4
  -0.942    2.090    1.298    0.000   0.0     4
  -0.490    1.340    0.856    0.018   0.0     4
  -0.357    0.975    0.818    0.000   0.0     4
  -0.575    1.158    0.816    0.017   0.0     4
  -5.308    3.859   -7.389    0.000   0.0     4
  -1.972    1.503   -2.750    0.027   0.0     4
   1.029   -1.149    0.126    0.000   0.0     4
   1.035   -1.298   -0.059    0.001   0.0     4
  -1.073    1.748    1.127    0.022   0.0     4
  -0.604    0.417   -0.740    0.000   0.0     4
  -1.220    1.208   -1.807    0.000   0.0     4
   3.946   -6.617   -1.226    0.040   0.0     4
   0.758   -1.428   -0.163    0.000   0.0     4
   0.850   -1.967   -0.747    0.000   0.0     4
   0.859   -1.449    0.061    0.000   0.0     4
   0.155    0.460   -0.964    0.001   0.0     4
   0.052    0.528   -0.665    0.000   0.0     4
  -0.956    0.245   -1.857    0.000   0.0     4
  -6.816   17.678   11.253    0.066   0.0     5
  -0.374    2.591    1.457    0.024   0.0     5
   1.017   -0.747    0.012    0.000   0.0     5
  11.682  -24.211   -3.790    0.073   0.0     5
   -999. -999. -999. 53203   1347   201.704 
   7.803    0.565    2.101    0.140  -1.0     0
   0.627   -0.037    0.703    0.140  -1.0     0
   1.079   -0.061    0.142    0.140  -1.0     0
   0.860   -0.039    0.204    0.140   1.0     0
   1.640   -0.475    0.029    0.140   1.0     0
   0.668   -0.085    0.018    0.140   1.0     0
   0.431    0.060    0.077    0.140   1.0     0
   0.888    0.057    0.568    0.140  -1.0     0
   0.000    0.186   -0.274    0.140  -1.0     0
  -0.312    0.251   -0.402    0.140   1.0     0
  -0.240    0.299   -0.463    0.140   1.0     0
  -4.938   -0.166  -14.458    0.000   0.0     4
  -0.732   -0.023   -2.360    0.000   0.0     4
  -0.930   -0.186   -3.008    0.001   0.0     4
  -0.283    0.204   -1.417    0.000   0.0     4
   0.725    0.276    0.265    0.000   0.0     4
   0.853   -0.549    0.931    0.000   0.0     4
  -0.318    0.057   -0.958    0.000   0.0     4
  16.070    2.120    3.576    0.516   0.0     5
  -3.450   -0.231  -10.249    0.463   0.0     5
  -0.095    0.348   -1.344    0.017   0.0     5
   0.908   -0.091    0.092    0.000   0.0     5
   0.077    0.186   -0.806    0.000   0.0     5
   -999. -999. -999. 53203   2931   201.704 
   0.044    0.223    0.111    0.140  -1.0     0
  -0.185    0.033    0.027    0.140   1.0     0
  -7.296    9.288    3.791    0.140   1.0     2
  -1.159    0.370    0.218    0.140  -1.0     0
   0.248   -0.366   -0.776    0.140   1.0     0
   3.020   -4.419  -12.602    0.140   1.0     0
   0.610   -1.819   -4.156    0.140   1.0     0
   0.090   -0.199   -0.225    0.140  -1.0     0
   2.558   -3.513  -10.615    0.140  -1.0     0
  -0.249    0.404   -0.252    0.140   1.0     0
   0.189   -0.336   -0.971    0.000   0.0     4
   0.114   -0.267   -0.957    0.000   0.0     4
  -0.991    1.149    0.753    0.000   0.0     4
  -1.158    1.138    0.479    0.000   0.0     4
  -0.982    1.204    0.442    0.000   0.0     4
   0.492   -0.590   -1.182    0.000   0.0     4
   0.671   -0.229   -1.673    0.000   0.0     4
   0.446    0.195   -0.635    0.000   0.0     5
  -0.843    0.450    0.236    0.000   0.0     5
   -999. -999. -999. 53203   3606   201.704 
   1.117   -1.672   -0.288    0.140  -1.0     0
  -0.746   -2.508   -2.303    0.140   1.0     0
   0.300   -1.141   -0.060    0.140  -1.0     0
   0.012    2.782   -2.887    0.140   1.0     0
  -0.921   -3.107   -1.865    0.140  -1.0     0
   0.774   -1.637   -1.465    0.140  -1.0     0
   0.248    1.995   -1.915    0.140  -1.0     0
   0.810   -2.623   -2.728    0.140   1.0     0
   0.223   -0.638   -0.707    0.140   1.0     0
   1.093    5.814   -6.028    0.140  -1.0     0
   0.733    2.124   -3.024    0.140   1.0     0
  -0.003    1.786   -2.738    0.140  -1.0     0
   0.137    0.345   -0.224    0.140   1.0     0
   0.366    1.809   -1.958    0.140   1.0     0
   0.713    2.292   -1.978    0.140   1.0     0
   0.105   -0.568   -0.614    0.140  -1.0     0
  -0.018    1.975   -3.128    0.140   1.0     0
   0.746    5.152   -5.117    0.000   0.0     4
   0.084    1.055   -1.022    0.001   0.0     4
  -0.134   -1.136   -0.667    0.016   0.0     4
  -0.322    1.620   -2.464    0.024   0.0     4
  -1.675   -7.311   -4.010    0.004   0.0     4
  -0.255   -1.749   -0.852    0.000   0.0     4
  -1.439   -5.891   -3.372    0.000   0.0     4
  -0.165   -0.845   -0.427    0.000   0.0     4
  -0.179   -0.759   -0.516    0.000   0.0     4
  -1.863   -6.633   -5.145    0.000   0.0     4
  -0.226   -1.035   -0.834    0.001   0.0     4
   1.943   -6.640   -6.757    0.004   0.0     4
  -0.006    0.444   -0.700    0.000   0.0     4
  -0.435   -0.810   -0.803    0.016   0.0     5
   0.321    2.386   -3.358    0.000   0.0     5
   0.099   -0.666   -0.613    0.013   0.0     5
   0.267    0.785   -1.285    0.017   0.0     5
   0.124    0.462   -0.751    0.013   0.0     5
   -999. -999. -999. 53203   3783   201.704 
   0.085    0.153    0.151    0.140   1.0     0
   7.022    1.566    1.112    0.140  -1.0     0
  -0.447   -0.041   -0.176    0.140   1.0     0
  -3.268    2.458    3.020    0.140   1.0     0
 -10.906   -7.476   -4.036    0.140   1.0     0
  -8.458   11.390    9.372    0.139   1.0     0
  -7.077   -5.289   -2.892    0.140  -1.0     0
  13.089    2.456    2.212    0.139   1.0     1
   2.224    2.299   -0.668    0.140  -1.0     0
   2.919    1.189    0.567    0.140   1.0     0
  -1.354   -0.680   -0.752    0.140  -1.0     0
   8.394    1.376    1.616    0.140   1.0     0
   2.614    1.331   -0.143    0.140  -1.0     0
  -1.221   -0.320   -0.321    0.140   1.0     0
  -1.763    0.582    1.019    0.140  -1.0     0
  -1.149    0.994    0.695    0.140   1.0     0
  -0.758   -0.303   -0.108    0.140   1.0     0
  -1.162   -0.218   -0.580    0.140  -1.0     0
   2.855    2.806   -5.408    0.140   1.0     0
  -0.621    0.546    0.520    0.140  -1.0     0
  -0.005   -0.190    0.164    0.140  -1.0     0
  -0.295    0.418    0.307    0.140  -1.0     0
  -0.677   -0.111   -0.094    0.140  -1.0     0
  11.249    2.522    1.482    0.140  -1.0     0
   1.019    0.300    0.280    0.140   1.0     0
   2.957    0.301    0.493    0.025   0.0     4
   1.741    0.066    0.311    0.000   0.0     4
   3.980    0.295    0.560    0.028   0.0     4
 -23.804  -16.062   -8.877    0.011   0.0     4
  -5.351   -3.995   -2.059    0.003   0.0     4
  -0.632   -0.447   -0.288    0.013   0.0     4
   0.752    0.570   -0.033    0.000   0.0     4
  -0.511    0.353    0.520    0.000   0.0     4
  -1.573    0.025   -0.710    0.001   0.0     4
   9.458    3.824    1.214    0.045   0.0     5
   0.723   -0.371    0.317    0.044   0.0     5
  -1.892   -1.334   -0.358    0.000   0.0     5
   1.463    1.064   -0.598    0.020   0.0     5
   -999. -999. -999. 53203   5956   201.707 
  -0.106   -1.130   -1.193    0.140   1.0     0
  -0.477    4.944    3.657    0.140  -1.0     1
  -0.400    1.986    1.348    0.140  -1.0     0
  -0.066   -3.222   -3.573    0.140   1.0     0
  -0.868   -0.056    0.258    0.140  -1.0     0
  -1.175    0.564    0.134    0.140  -1.0     0
  -0.277    0.435    0.223    0.140  -1.0     0
   0.361   -0.299   -0.119    0.140   1.0     0
  -0.084    0.319    0.259    0.140   1.0     0
   0.503   -1.988   -3.293    0.140   1.0     2
  -1.923    0.187    0.877    0.140   1.0     2
  -0.207   -0.363   -0.763    0.140  -1.0     0
   0.085   -0.307   -0.574    0.140   1.0     0
   0.008   -0.279   -0.506    0.140  -1.0     0
   0.175    0.170    0.238    0.140  -1.0     0
  -0.044    0.463    0.523    0.140  -1.0     0
  -0.149   -0.129    0.076    0.140  -1.0     0
  -2.486   -4.510   -5.286    0.140   1.0     0
  -0.542    0.448    0.776    0.140   1.0     0
  -0.755    0.634    0.511    0.140  -1.0     0
  -0.105    0.424    0.490    0.140   1.0     0
  -0.759   -1.627   -1.956    0.140  -1.0     0
  -0.238    0.234    0.141    0.140   1.0     0
  -0.370    3.335    1.763    0.140   1.0     0
  -0.368   -0.984   -1.473    0.140  -1.0     0
  -0.140    0.970    0.761    0.000   0.0     4
   0.069   -1.671   -2.707    0.002   0.0     4
   0.133   -1.868   -2.827    0.000   0.0     4
  -0.323   -0.333   -0.985    0.000   0.0     4
  -0.193    1.958    1.335    0.000   0.0     4
  -0.628    4.626    3.012    0.000   0.0     4
  -0.164    0.637    0.523    0.000   0.0     4
  -0.104    0.972    0.499    0.001   0.0     4
  -0.370    1.672    0.851    0.000   0.0     4
  -0.108    0.843    0.379    0.000   0.0     4
  -0.468    1.623    0.744    0.000   0.0     4
  -0.762    0.745    0.314    0.015   0.0     4
  -8.730    8.596    4.460    1.299   0.0     5
  -0.164   -0.512   -0.865    0.000   0.0     5
   -999. -999. -999. 53203   8074   201.708 
  -4.551    3.132   -6.453    0.140  -1.0     0
  -1.817    0.885   -1.574    0.140  -1.0     0
  -3.568    3.630   -6.105    0.140   1.0     0
   0.258   -0.349    0.134    0.140   1.0     0
  -0.550   -0.493    0.194    0.140  -1.0     0
   0.193   -0.579    0.845    0.140  -1.0     0
   0.021    0.260    0.426    0.140   1.0     0
   0.340   -0.305    2.183    0.000   0.0     4
   0.651   -0.920    3.501    0.000   0.0     4
   0.122   -0.201    0.809    0.000   0.0     4
   0.154   -0.189    0.828    0.000   0.0     4
  -0.582    0.374   -0.628    0.000   0.0     4
   0.411   -0.340    1.425    0.001   0.0     4
   0.248   -0.248    0.877    0.000   0.0     4
  -6.863    3.249   -8.874    0.048   0.0     5
   -999. -999. -999. 53203  10623   201.524 
   0.273    0.019    0.178    0.140   1.0     0
   0.222    0.015    0.145    0.140  -1.0     0
  10.197   -0.691    3.661    0.140  -1.0     0
   1.117    0.319    0.997    0.140   1.0     0
   0.874   -0.065    0.328    0.140   1.0     0
   1.913   -0.227    0.451    0.140  -1.0     0
   1.822   -0.101    0.605    0.140   1.0     0
  -6.032    1.446   -7.974    0.139  -1.0     0
  -4.002    1.844   -5.848    0.140  -1.0     0
  -3.161    0.560   -4.491    0.140   1.0     2
  -8.400    2.228  -12.412    0.140   1.0     0
  -1.438    0.437   -2.132    0.140  -1.0     0
  -2.590    0.682   -3.607    0.140  -1.0     0
  -8.100    2.159  -11.894    0.000   0.0     4
  -1.513    0.416   -2.095    0.000   0.0     4
  32.380  -13.826   68.183    0.000   0.0     4
   0.975    0.193    0.857    0.000   0.0     4
  -1.230    0.407   -2.737    0.000   0.0     4
  -0.527    0.087   -0.876    0.000   0.0     4
  -1.167    0.235   -2.169    0.000   0.0     4
   0.974   -0.520    1.151    0.018   0.0     5
  -3.859    2.154   -5.924    0.038   0.0     5
   -999. -999. -999. 53203  10918   201.524 
  -0.151   -0.262   -0.064    0.140   1.0     0
   0.995   -1.011    1.056    0.140   1.0     0
  -2.360    1.792   -1.589    0.140  -1.0     0
  -2.237    1.248   -2.448    0.140  -1.0     0
  -3.554    3.095   -2.371    0.140   1.0     0
  10.862   -9.092    7.825    0.140  -1.0     0
  15.965  -15.152   12.289    0.140   1.0     0
  -2.936    2.454   -2.551    0.140   1.0     0
  -2.090    2.133   -1.597    0.140  -1.0     0
  -0.710    2.007   -0.713    0.140  -1.0     0
  -7.748    7.449   -5.860    0.139  -1.0     0
  -7.169    5.462   -5.103    0.140  -1.0     0
  -1.634    1.491   -1.158    0.140   1.0     0
   1.635   -1.226    0.665    0.140  -1.0     0
   0.606   -0.393    0.442    0.140   1.0     0
   1.043   -0.517    0.789    0.140   1.0     0
   1.322   -1.185    0.764    0.140   1.0     0
   2.532   -2.601    2.135    0.140  -1.0     1
   5.486   -4.516    3.508    0.140   1.0     0
  -0.359    0.463   -1.023    0.140  -1.0     0
  -0.902    0.808   -0.882    0.140   1.0     1
   0.031   -0.379    0.092    0.140  -1.0     0
   1.122   -1.255    1.159    0.140  -1.0     0
   1.272   -1.338    1.128    0.140   1.0     0
   1.309   -1.245    1.054    0.140   1.0     0
  -1.299    1.999   -1.990    0.140   1.0     0
   0.287   -0.214    0.165    0.140   1.0     0
  -0.376    0.114   -0.803    0.140  -1.0     0
   0.038    0.152   -0.201    0.140  -1.0     0
  11.287   -9.905    8.308    0.140  -1.0     0
  -1.202    0.848   -0.927    0.140  -1.0     0
  -1.264    1.173   -1.110    0.140   1.0     0
  -3.340    2.769   -2.632    0.000   0.0     4
  -3.040    2.605   -1.770    0.030   0.0     4
  -0.625    0.513   -0.528    0.000   0.0     4
  -1.164    1.114   -0.994    0.000   0.0     4
  -0.534    0.560   -0.452    0.000   0.0     4
  -0.420    0.640   -0.281    0.000   0.0     4
   0.560   -0.506    0.420    0.000   0.0     4
   2.972   -2.569    2.210    0.000   0.0     4
  -0.592    1.177   -0.934    0.000   0.0     4
  -0.420    0.758   -0.659    0.015   0.0     4
   0.513   -0.899    0.600    0.000   0.0     4
  -0.149   -0.432    0.805    0.000   0.0     4
  -0.608    1.320   -0.556    0.018   0.0     4
  -1.130    0.886   -0.587    0.000   0.0     4
  -1.259    0.759   -0.937    0.001   0.0     4
   5.243   -4.047    3.378    0.129   0.0     5
  -0.635    0.524   -0.698    0.000   0.0     5
  -0.442    0.473   -0.471    0.000   0.0     5
  -2.100    0.693   -1.651    0.023   0.0     5
  -1.136    0.345   -0.612    0.001   0.0     5
   -999. -999. -999. 53203  10956   201.524 
  -1.234    3.644    2.477    0.140  -1.0     0
  -1.840    9.478    7.312    0.140   1.0     0
  -0.194   -1.193    1.083    0.140   1.0     0
   1.343   -3.805    4.265    0.140  -1.0     0
   1.895   -8.203    7.840    0.140   1.0     0
   0.360   -1.236    1.045    0.140  -1.0     1
  -0.384    2.656    1.877    0.140   1.0     0
   2.246   -8.943    8.255    0.140   1.0     0
  -0.938    2.585    1.965    0.140   1.0     0
   0.576   -2.405    2.531    0.140  -1.0     0
  -0.026   -0.949    0.936    0.140   1.0     0
  -0.212    2.238    1.916    0.140  -1.0     0
   0.350   -0.357    0.463    0.140  -1.0     0
   0.223   -0.613    0.530    0.140   1.0     0
  -0.143    0.462    0.351    0.140   1.0     0
  -2.399   13.689   10.259    0.140  -1.0     0
  -0.393   -0.013    0.447    0.140  -1.0     0
   0.158    0.070    0.319    0.140   1.0     0
  -0.125    0.257    0.050    0.140  -1.0     0
  -0.365    0.316    0.476    0.140  -1.0     0
   0.448   -1.745    2.136    0.140   1.0     0
  -0.506    1.553    0.840    0.140   1.0     0
   0.317   -4.333    3.811    0.140  -1.0     0
  -0.208    1.600    1.253    0.000   0.0     4
  -0.626    2.685    2.115    0.000   0.0     4
  -0.202    0.959    0.826    0.000   0.0     4
  -0.579    1.799    1.432    0.000   0.0     4
  -0.312    1.659    1.305    0.000   0.0     4
   0.347   -0.995    1.772    0.000   0.0     4
   0.234   -0.405    0.712    0.000   0.0     4
   0.393   -1.099    1.325    0.000   0.0     4
   0.822   -1.017    2.315    0.029   0.0     5
  -0.576    0.429    0.603    0.000   0.0     5
   0.689   -1.577    1.252    0.000   0.0     5
   -999. -999. -999. 53205    688   201.814 
  -0.373    0.333   -0.140    0.140   1.0     0
   0.392   -0.054   -0.162    0.140   1.0     0
   0.325   -0.152   -0.012    0.140  -1.0     0
   0.302   -0.060   -0.147    0.140  -1.0     0
   0.274    0.050    0.058    0.140  -1.0     0
  -0.157   -0.152   -0.035    0.140  -1.0     0
   0.201    0.006    0.005    0.140   1.0     0
   3.937   -3.766   -0.010    0.140  -1.0     0
   0.522   -0.503   -0.057    0.140  -1.0     0
  -6.965    3.665    2.280    0.140   1.0     1
   1.806   -2.182   -2.283    0.140   1.0     0
   1.085    0.022    0.191    0.140   1.0     0
   1.350   -0.822   -0.368    0.140   1.0     0
  -3.826    1.980    0.527    0.140  -1.0     0
  -5.110    2.542    0.945    0.140  -1.0     0
   1.436   -1.244   -0.629    0.140  -1.0     1
   0.920   -1.143   -0.977    0.140   1.0     2
   1.136   -0.378    0.426    0.140  -1.0     1
   1.649   -1.910   -1.591    0.140   1.0     0
 -11.063    5.983    1.923    0.140   1.0     0
   2.456   -2.915    1.817    0.140   1.0     0
  -5.286    2.521    0.714    0.140   1.0     0
   0.574   -0.244   -0.282    0.140   1.0     0
   1.012   -1.765   -0.464    0.140   1.0     0
  -1.203    0.605    0.766    0.140  -1.0     0
   1.827   -1.702   -0.611    0.140  -1.0     0
   1.662   -0.133   -0.440    0.140  -1.0     0
   0.626   -0.015    0.068    0.140  -1.0     0
   0.467   -0.301   -0.524    0.140  -1.0     0
  -0.473    0.111    0.023    0.140  -1.0     0
   0.647   -0.461   -0.045    0.140   1.0     0
   0.520    0.004   -0.259    0.140  -1.0     0
   0.506   -0.453   -0.394    0.140   1.0     0
   1.406   -0.016   -0.343    0.140   1.0     0
   1.418   -1.434   -1.334    0.140   1.0     0
   4.412    0.457   -0.921    0.140   1.0     2
   0.383    0.006   -0.261    0.140  -1.0     0
  -0.179    0.197   -0.109    0.140   1.0     0
   0.188   -0.165   -0.249    0.140  -1.0     0
   9.356   -7.474    1.269    0.140  -1.0     0
   0.001    0.169   -0.212    0.140   1.0     0
   0.597   -1.156    0.815    0.140   1.0     0
   2.291   -2.149    0.122    0.140  -1.0     0
   0.671   -0.374   -0.089    0.140  -1.0     0
  -0.437    0.638    0.426    0.140   1.0     0
   0.490    0.030   -0.136    0.140   1.0     0
  -0.520    0.142   -0.182    0.140   1.0     0
   0.274   -0.649   -0.336    0.140  -1.0     0
  -0.211    0.378   -0.143    0.140   1.0     0
  -0.481    0.635   -0.208    0.140  -1.0     0
   0.594   -0.705   -0.225    0.140  -1.0     0
   0.495    0.481   -1.328    0.140   1.0     0
  -0.257   -0.162    0.049    0.140  -1.0     0
   0.353   -0.695   -0.160    0.140  -1.0     0
  14.197    0.098   -2.872    0.139  -1.0     0
   0.501   -0.410    0.696    0.140  -1.0     0
  -8.323    4.703    1.667    0.004   0.0     4
  -1.854    1.185    0.224    0.000   0.0     4
  -2.519    1.798    0.492    0.001   0.0     4
   3.036   -2.302    0.372    0.000   0.0     4
   1.170   -0.781    0.175    0.001   0.0     4
   1.431   -1.479   -0.032    0.000   0.0     4
   1.353    0.156    0.112    0.000   0.0     4
   1.220    0.072   -0.350    0.001   0.0     4
   8.816    0.470   -2.017    0.000   0.0     4
   2.021   -0.037   -0.605    0.000   0.0     4
  -0.691    0.539    0.206    0.013   0.0     4
  -1.178    0.885    0.093    0.017   0.0     4
  -3.342    2.344   -0.084    0.000   0.0     4
   0.908   -0.686   -0.213    0.000   0.0     4
   0.863   -1.505   -0.794    0.000   0.0     4
   0.521   -0.548   -0.470    0.000   0.0     4
   0.459   -0.465   -0.564    0.000   0.0     4
   0.767   -0.342    0.265    0.000   0.0     4
   0.961   -0.335    0.101    0.000   0.0     4
   0.693   -0.415    0.053    0.000   0.0     4
   2.930   -2.850   -0.490    0.293   0.0     5
   1.044   -0.480   -0.292    0.015   0.0     5
   -999. -999. -999. 53205   3244   201.814 
  -0.239   -0.630    0.054    0.140  -1.0     0
  -0.084    0.382    0.074    0.140   1.0     0
   0.252   -0.222    0.028    0.140   1.0     0
  -0.211   -0.238   -0.184    0.140   1.0     0
  -0.266    0.014   -0.076    0.140  -1.0     0
  -1.186    5.751    1.318    0.140   1.0     0
  -4.404    4.086   -5.653    0.140  -1.0     0
  -0.582    1.486    0.963    0.140   1.0     0
   3.351   -8.881   -7.966    0.140  -1.0     0
  -0.302   -0.773    0.077    0.140  -1.0     0
  -0.199    1.384    0.939    0.140  -1.0     0
  -1.547   -3.852    0.362    0.140  -1.0     0
   2.274    8.753   10.802    0.140   1.0     0
  -0.470    2.466    0.410    0.140  -1.0     0
  -0.638   -2.624    0.291    0.140   1.0     1
  -0.367   -2.116   -2.192    0.140   1.0     0
  -0.305    2.691   -0.005    0.140  -1.0     0
  -1.045    0.815   -0.611    0.140  -1.0     0
  -0.115   -0.506    0.267    0.140  -1.0     0
   0.454    1.178    0.914    0.140  -1.0     0
  -0.060    1.138   -0.349    0.140  -1.0     0
   1.994   -6.030   -4.733    0.140  -1.0     0
   0.250   -1.051   -0.771    0.140  -1.0     0
   1.034   -0.821   -0.962    0.140   1.0     0
  -0.271   -1.226    0.450    0.140  -1.0     0
  -0.191   -0.464   -0.175    0.140   1.0     0
   0.154   -0.318   -0.003    0.140  -1.0     0
   1.222   -3.640   -3.438    0.140   1.0     0
   0.373    0.088   -0.485    0.140  -1.0     0
   0.523    0.273    0.908    0.140  -1.0     0
  -0.328   -0.611   -1.125    0.140   1.0     0
   0.276    1.332    2.564    0.140   1.0     0
  -1.378    1.776   -1.704    0.140  -1.0     0
  -0.342    0.491    1.370    0.140  -1.0     0
  -0.041   -0.212   -0.221    0.140  -1.0     0
   0.133    0.871    2.383    0.140  -1.0     0
  -0.201    0.975    2.562    0.140   1.0     0
  -0.112   -0.234   -0.027    0.140  -1.0     0
  -0.081    0.221   -0.015    0.140   1.0     0
  -1.338    1.610   -1.836    0.140   1.0     0
  -2.214    2.744   -3.328    0.140   1.0     0
  -0.160   -0.718    0.474    0.140   1.0     0
   0.143    1.690    0.819    0.140   1.0     0
  -0.232   -0.451   -0.250    0.140   1.0     0
  -0.418   -0.143   -0.102    0.140   1.0     0
  -0.149    0.321    0.006    0.140   1.0     0
   1.010    0.033    1.561    0.140   1.0     0
   0.615   -0.054    1.051    0.140   1.0     0
   0.097   -0.217    0.342    0.140  -1.0     0
   0.023    0.288   -0.584    0.140  -1.0     0
   2.933   -6.583   -5.208    0.140   1.0     0
   0.025    0.289    0.329    0.140  -1.0     0
  -2.164    2.244   -2.215    0.140   1.0     0
   0.691   -1.869   -1.408    0.000   0.0     4
   0.467   -0.592   -0.573    0.000   0.0     4
  -0.019    0.481    1.546    0.001   0.0     4
  -0.355    0.730   -0.719    0.000   0.0     4
   0.505   -0.191    0.822    0.000   0.0     4
   0.342    0.029    1.005    0.001   0.0     4
   0.948    0.276    1.453    0.000   0.0     4
  -0.108    0.326    0.950    0.000   0.0     4
   0.854    0.671    0.896    0.000   0.0     4
   0.180    1.231    1.079    0.000   0.0     4
  -0.671   -0.066   -0.568    0.000   0.0     4
  -0.895   -2.367   -0.002    0.000   0.0     4
  -0.391   -1.193   -0.012    0.000   0.0     4
  -0.118   -0.956   -0.830    0.000   0.0     4
  -0.009   -1.052   -0.247    0.000   0.0     4
   0.643   -1.250   -0.780    0.000   0.0     4
   0.257   -0.487   -0.669    0.000   0.0     4
   0.431   -1.073   -1.648    0.000   0.0     4
   1.409    2.968    3.809    0.184   0.0     5
  -0.504   -0.185   -0.790    0.014   0.0     5
   0.926    0.863    0.615    0.017   0.0     5
  -0.220    2.040   -0.270    0.145   0.0     5
  -2.002    0.733   -0.765    0.132   0.0     5
   0.777    0.353    1.240    0.000   0.0     5
  -0.173    0.871    1.752    0.000   0.0     5
  -0.096    0.372    0.766    0.013   0.0     5
  -0.566   -0.050    1.061    0.000   0.0     5
  -0.520    0.366   -0.545    0.000   0.0     5
   5.942   -1.028    8.960    0.047   0.0     5
   -999. -999. -999. 53205   7610   201.524 
  -1.375   -3.933   -0.512    0.140  -1.0     1
  -0.167   -0.351   -0.144    0.140  -1.0     0
  -0.006    0.197    0.159    0.140   1.0     0
  -2.064   -1.310    0.539    0.140  -1.0     0
  -6.318   -3.963    1.983    0.140  -1.0     0
  -1.434   -5.288   -0.433    0.140   1.0     0
 -10.252   -6.748    3.021    0.140   1.0     0
   1.489    0.410    0.234    0.140  -1.0     0
  -0.688   -1.391   -0.558    0.140   1.0     0
   1.044    1.440    2.245    0.140   1.0     0
  -0.286   -1.399   -0.421    0.140  -1.0     0
  -0.246   -1.229   -0.154    0.140   1.0     0
   0.581    0.989    0.210    0.140  -1.0     0
   0.751    0.269    0.486    0.140   1.0     0
  -0.640   -1.046    0.010    0.140  -1.0     0
   0.519    1.108    1.811    0.140   1.0     0
   0.315   -0.125   -0.354    0.140   1.0     0
   2.847   -0.787   -5.158    0.140  -1.0     0
   0.167   -0.421   -0.262    0.140  -1.0     0
   0.304   -0.041    0.324    0.140   1.0     0
   0.179   -0.009   -0.377    0.140  -1.0     0
   0.219    0.242   -0.013    0.140   1.0     0
  -0.096   -0.180   -0.062    0.140   1.0     0
  -0.025   -0.224   -0.056    0.140  -1.0     0
   0.926    0.242    1.258    0.140  -1.0     0
   0.353    0.818    1.235    0.140  -1.0     0
  -0.073   -0.342   -0.254    0.140   1.0     0
   0.492   -0.237   -0.776    0.140   1.0     0
  -0.159    0.257    0.244    0.140  -1.0     0
  -0.694   -0.612    0.189    0.014   0.0     4
  -3.359   -2.338    1.259    0.000   0.0     4
  -0.474   -1.192   -0.112    0.016   0.0     4
  -1.262   -0.844    0.544    0.000   0.0     4
  -1.111   -3.663   -0.580    0.000   0.0     4
   0.221   -0.328   -1.399    0.000   0.0     4
   0.654   -0.462   -2.107    0.000   0.0     4
   4.830   -2.294   -9.152    0.000   0.0     4
   4.001   -1.562   -7.667    0.000   0.0     4
   3.338   -1.607   -6.735    0.000   0.0     4
   1.266   -0.508   -2.556    0.000   0.0     4
   5.743   -2.380  -11.315    0.000   0.0     4
   0.630   -0.293   -1.097    0.000   0.0     4
  -0.177    0.308   -0.768    0.000   0.0     5
   -999. -999. -999. 53210   2817   201.750 
   3.091   -1.123   -0.113    0.140  -1.0     0
   0.328   -0.190   -0.125    0.140   1.0     0
  -0.114    0.226    0.101    0.140  -1.0     0
  -1.661    3.051    0.909    0.140  -1.0     0
  -2.474    1.920   -0.117    0.140   1.0     0
  -1.842    2.026    0.088    0.140   1.0     0
   9.887   -4.909   -1.448    0.140   1.0     0
   3.317   -1.947    0.229    0.140   1.0     0
   1.829   -0.337    0.336    0.140   1.0     0
  -2.951    4.333    0.334    0.140   1.0     0
  14.174  -16.228   -3.471    0.140  -1.0     0
  -3.014    1.858    0.325    0.140   1.0     0
   1.381   -1.055   -0.041    0.140  -1.0     0
   1.939   -1.453    0.542    0.140  -1.0     0
  -3.554    2.278    0.124    0.140  -1.0     0
   1.442   -1.646   -0.362    0.140   1.0     0
  -3.336    2.431    0.172    0.140  -1.0     1
   1.927   -0.742    0.148    0.140   1.0     0
   1.549   -1.418    0.264    0.140   1.0     0
   1.237    0.015    0.505    0.140  -1.0     0
   0.641   -0.120    0.150    0.140  -1.0     0
   0.379    1.468   -0.137    0.140   1.0     0
   3.277   -4.342   -1.078    0.140  -1.0     2
   6.591   -6.691   -0.792    0.140  -1.0     0
   3.615   -3.586   -1.082    0.140   1.0     0
  -1.262    0.971   -0.152    0.140  -1.0     0
  -0.524    0.672   -0.075    0.140   1.0     0
   0.598   -0.237    0.137    0.140  -1.0     0
  -1.360    0.776   -0.071    0.140   1.0     1
  -7.928    4.529    1.305    0.140   1.0     0
   3.036   -1.548   -0.395    0.001   0.0     4
   1.051   -0.609   -0.194    0.001   0.0     4
   5.861   -3.347    1.018    0.000   0.0     4
  -0.763    0.732   -0.059    0.000   0.0     4
  -1.113    1.044   -0.022    0.000   0.0     4
  -1.258    1.046    0.116    0.018   0.0     4
  -0.784    0.658    0.109    0.000   0.0     4
  -7.965    4.668    0.268    0.004   0.0     4
  -4.480    3.041   -0.207    0.000   0.0     4
  -0.721    0.496    0.017    0.000   0.0     4
  -2.429    1.496    0.122    0.000   0.0     4
  -0.541    0.665   -0.038    0.000   0.0     4
   2.447   -1.797    0.560    0.000   0.0     4
   0.885   -0.826    0.020    0.016   0.0     4
   1.162   -0.637    0.063    0.000   0.0     4
   0.986   -0.317   -0.191    0.000   0.0     4
  -1.513    2.099    0.860    0.023   0.0     5
 -16.206    8.060    0.329    0.060   0.0     5
   -999. -999. -999. 53210   3217   201.750 
  -0.239   -0.257    0.189    0.140  -1.0     0
  11.638   17.433   25.315    0.140   1.0     0
  -2.919   -5.049    1.747    0.140   1.0     0
  -1.860   -2.963    1.401    0.140   1.0     0
  -0.597   -0.699    1.019    0.140   1.0     0
  -0.678   -1.030    0.498    0.140   1.0     1
  -1.137   -1.152    0.657    0.140  -1.0     1
   0.517    0.302    0.584    0.140  -1.0     0
   2.761    3.058    5.274    0.140  -1.0     0
   1.968    3.278    4.726    0.140   1.0     0
   0.392    0.408    1.268    0.140   1.0     0
  -0.333   -0.199   -0.210    0.140  -1.0     0
   0.424    0.583    0.468    0.140  -1.0     0
   0.958    1.297    2.332    0.140  -1.0     0
  -3.573   -5.777    2.465    0.140  -1.0     0
   0.675    1.383    2.163    0.140   1.0     0
  -2.169   -2.777    1.319    0.001   0.0     4
  -0.877   -1.167    0.512    0.001   0.0     4
  -4.436   -5.669    2.254    0.000   0.0     4
  -0.524   -1.062    0.447    0.000   0.0     4
   0.265    0.756    1.172    0.000   0.0     4
   0.558    0.601    0.884    0.016   0.0     4
  -0.378   -0.555    0.587    0.000   0.0     4
  -0.997   -0.908    0.313    0.017   0.0     4
  -1.325   -1.447    0.596    0.020   0.0     5
   0.173    1.638    6.998    0.219   0.0     5
  -0.192   -0.179    1.088    0.021   0.0     5
  -1.102   -1.748    1.537    0.023   0.0     5
   -999. -999. -999. 53210   3363   201.750 
   0.158   -0.195    0.024    0.140   1.0     0
   0.113    0.140   -0.068    0.140   1.0     0
 -10.182    2.711   -3.224    0.140  -1.0     0
   3.509   -2.101   -0.086    0.140  -1.0     0
  11.671   -8.017   -6.114    0.140  -1.0     0
  -3.066    1.008   -0.993    0.140   1.0     0
   5.897   -4.063   -0.296    0.140   1.0     0
  -1.619    1.112   -0.553    0.140   1.0     0
   7.132   -4.257   -0.631    0.140  -1.0     2
   0.471    0.842   -0.224    0.140  -1.0     0
  -0.566    0.084   -0.313    0.140  -1.0     0
  -4.440    1.091   -1.544    0.140   1.0     0
   1.568   -0.839   -0.297    0.140   1.0     0
   2.165   -1.387   -0.280    0.140   1.0     0
  -0.932    0.459   -0.318    0.140  -1.0     0
  -0.534    0.684    0.688    0.140   1.0     0
  -0.490    0.731   -0.303    0.140  -1.0     0
   0.976   -0.610    0.079    0.140   1.0     0
   0.330   -0.593    0.060    0.140  -1.0     0
   0.317   -0.369   -0.110    0.140  -1.0     0
   0.408   -0.173   -0.322    0.140   1.0     0
   4.500   -2.834   -1.802    0.140  -1.0     0
   1.240   -1.108   -0.650    0.140  -1.0     0
 -13.770    3.643   -4.140    0.140   1.0     0
   0.107    0.528    0.694    0.140   1.0     0
   0.680    1.211    2.794    0.140   1.0     0
   1.199    1.035    3.050    0.140  -1.0     0
   0.492    0.010    1.053    0.140  -1.0     0
   0.138    0.748    1.771    0.140  -1.0     0
  -0.180   -0.012    0.483    0.140   1.0     0
  -0.154    0.282   -0.339    0.140   1.0     0
  -0.445   -0.017    0.002    0.140  -1.0     0
   1.886   -1.324   -0.776    0.140   1.0     0
  -0.237    0.383    0.156    0.140  -1.0     0
  -0.389    0.165    0.092    0.140   1.0     0
  -0.390    0.311   -0.250    0.140  -1.0     0
   0.523   -0.330   -0.067    0.140  -1.0     0
   5.851   -4.104   -2.880    0.140   1.0     0
   0.084    0.542    0.655    0.140   1.0     0
  -0.235    0.482    0.843    0.140   1.0     0
  -0.159    0.185    0.315    0.140  -1.0     0
  -0.371    0.102    0.064    0.140  -1.0     0
  -0.840    0.631   -0.443    0.140  -1.0     0
  -0.824    0.295   -0.256    0.140  -1.0     0
  -0.892    0.212   -0.247    0.000   0.0     4
   0.616   -0.411   -0.364    0.013   0.0     4
   0.911   -1.176    0.079    0.000   0.0     4
   1.184    0.953    3.858    0.000   0.0     4
   0.359   -0.072    1.337    0.000   0.0     4
   0.704    0.919    2.837    0.000   0.0     4
  -0.562    0.522    0.644    0.000   0.0     4
  -0.714    0.708    0.673    0.000   0.0     4
  -0.988    0.807   -0.880    0.001   0.0     4
  -1.075    0.832   -1.003    0.000   0.0     4
  -0.753    0.734   -0.822    0.000   0.0     4
  -1.537    1.337   -1.605    0.000   0.0     4
  -1.527    0.468   -0.885    0.001   0.0     4
  -0.995    0.430   -0.616    0.000   0.0     4
   1.068   -1.019   -0.380    0.000   0.0     4
   0.555    0.386    1.361    0.001   0.0     5
  -0.207    0.293    1.568    0.086   0.0     5
  -0.521    0.506    1.315    0.070   0.0     5
   0.821    0.054   -0.391    0.055   0.0     5
   0.254    0.149    0.765    0.013   0.0     5
   0.105    0.532    1.097    0.000   0.0     5
  -0.216    0.429    0.913    0.000   0.0     5
  -0.215    0.322    0.736    0.013   0.0     5
  -1.092    1.020    2.653    0.001   0.0     5
   0.394    0.427    0.568    0.000   0.0     5
  -0.041    0.988   -0.401    0.015   0.0     5
  -1.082   -0.300   -0.382    0.001   0.0     5
   0.687   -0.420   -0.252    0.013   0.0     5
   -999. -999. -999. 53215    185   201.930 
  -0.124   -0.080   -0.038    0.140   1.0     0
   8.451   -4.156    8.691    0.139   1.0     0
   1.362   -0.864    1.689    0.140  -1.0     0
   4.068   -2.426    5.070    0.140   1.0     0
 -44.085   44.884  -46.481    0.138   1.0     2
   0.414   -1.000   -0.037    0.140  -1.0     0
  -6.773   -4.360   -2.839    0.140  -1.0     0
  -4.344   -3.176   -2.071    0.140  -1.0     0
   3.100   -2.022    3.192    0.140  -1.0     0
  -1.634   -1.399   -0.685    0.140   1.0     0
   1.303   -0.392    0.847    0.140  -1.0     0
   1.487   -1.351    1.526    0.140  -1.0     0
   0.503   -0.274    0.365    0.140  -1.0     0
  -0.021   -0.238   -0.299    0.140  -1.0     0
   2.539   -1.423    3.019    0.140   1.0     0
   0.445   -0.215    0.448    0.140   1.0     0
   0.345   -0.170    0.283    0.140   1.0     0
   3.717   -1.940    4.123    0.000   0.0     4
   0.739   -0.394    0.705    0.001   0.0     4
   2.415   -1.102    2.474    0.000   0.0     4
   4.007   -2.332    5.656    0.000   0.0     4
   1.049   -0.550    1.412    0.000   0.0     4
   0.399   -0.397    0.785    0.014   0.0     4
  -1.698   -1.617   -0.546    0.000   0.0     4
   1.565   -1.059    1.747    0.000   0.0     4
   2.731   -1.253    3.231    0.000   0.0     4
   0.987   -0.358    1.012    0.000   0.0     4
  -2.971   -2.193   -1.044    0.028   0.0     5
   0.842   -0.726   -0.095    0.000   0.0     5
   0.524   -0.560    0.553    0.000   0.0     5
   -999. -999. -999. 53215   2076   201.855 
  -0.025    0.198    0.082    0.140   1.0     0
   0.490    0.336    0.049    0.140  -1.0     0
   0.034    0.376   -0.129    0.140  -1.0     0
   0.032    0.274   -0.204    0.140  -1.0     0
  -2.050   10.992    5.530    0.140   1.0     0
  -1.674    6.132    4.008    0.140  -1.0     0
  -0.135    0.942    0.440    0.000   0.0     4
  -2.636   -6.002  -28.697    0.076   0.0     4
  -0.203   -0.857   -3.473    0.000   0.0     4
  -0.234   -0.688   -2.972    0.001   0.0     4
  -0.063   -0.412   -1.670    0.000   0.0     4
  -0.365   -0.462   -1.894    0.000   0.0     4
  -0.146   -0.745   -3.408    0.026   0.0     4
  -0.159   -0.193   -1.025    0.000   0.0     4
  -0.130   -0.148   -0.856    0.000   0.0     4
   0.010   -0.198   -0.838    0.013   0.0     4
  -0.140    1.138    0.427    0.000   0.0     4
   0.131    0.349   -1.387    0.000   0.0     4
  -0.470   -0.277   -1.393    0.029   0.0     5
  -0.313   -0.712   -3.465    0.000   0.0     5
   4.314   -2.747   22.703    0.148   0.0     5
   -999. -999. -999. 53215  11059   201.852 
 -28.596  -29.555  -50.217    0.141   1.0     2
  10.086    8.752    2.561    0.139   1.0     0
   4.980    5.555    2.124    0.140  -1.0     0
   0.760    0.746    0.046    0.140   1.0     0
   2.184    2.404    1.063    0.140  -1.0     0
   3.661    2.898    1.286    0.140   1.0     0
   1.203    1.160    0.275    0.140  -1.0     0
  -0.282   -0.659    0.890    0.140   1.0     0
  -0.963   -9.871   14.063    0.140   1.0     0
  -0.313   -1.696    2.526    0.140  -1.0     0
  -0.583   -5.373    8.561    0.140  -1.0     0
  -0.189   -1.822    3.504    0.140  -1.0     0
   0.153   -0.095    0.265    0.140  -1.0     0
  -0.094   -0.265    0.082    0.140   1.0     0
  -0.038   -1.782    2.226    0.140   1.0     0
   0.485   -0.227    0.211    0.140   1.0     0
   0.115    0.238    0.221    0.140  -1.0     0
   0.031    0.257    0.395    0.140  -1.0     0
   0.105   -1.061    1.985    0.000   0.0     4
  -0.431   -3.005    4.954    0.002   0.0     4
  -0.165   -3.713    5.159    0.000   0.0     4
   1.446    1.406    0.362    0.000   0.0     4
   1.474    1.151    0.118    0.000   0.0     4
   1.729    1.491   -0.071    0.000   0.0     4
   0.344    0.773    0.309    0.000   0.0     4
   2.160    3.701    1.202    0.030   0.0     5
   -999. -999. -999. 53215  11257   201.852 
   0.227   -0.039   -0.081    0.140   1.0     0
  -0.600   -0.756   -0.106    0.140  -1.0     0
  -0.215   -0.998    0.238    0.140   1.0     0
  -7.098   -3.464    5.614    0.140   1.0     0
  -6.157   -2.959    4.393    0.140   1.0     0
   2.323    2.024   -1.996    0.140  -1.0     0
   4.995    2.520   -3.801    0.140  -1.0     0
 -11.880   -6.189    8.478    0.140   1.0     0
  -6.072   -3.083    4.482    0.140  -1.0     0
   0.714   -0.254   -0.674    0.140   1.0     0
   0.298    0.685   -0.428    0.140  -1.0     0
   5.049    2.160   -3.643    0.140   1.0     0
  -5.491   -2.534    4.336    0.140   1.0     0
  -1.396   -0.613    1.008    0.140  -1.0     0
  -3.020   -1.419    4.837    0.140   1.0     0
   0.152    0.401   -0.016    0.140  -1.0     0
   4.340    2.351   -3.848    0.140  -1.0     0
  -0.416   -0.360    0.458    0.140  -1.0     0
   0.115   -0.368   -0.059    0.140   1.0     0
   0.791    0.349   -0.627    0.000   0.0     4
   2.486    1.070   -1.870    0.000   0.0     4
   0.556    0.380   -0.494    0.000   0.0     4
 -15.104   -7.299   11.028    0.009   0.0     4
  -2.835   -1.707    2.293    0.000   0.0     4
  -8.387   -3.394    7.222    0.000   0.0     4
  -1.352   -0.602    1.153    0.000   0.0     4
  -0.628   -0.342    0.447    0.000   0.0     4
  -0.383    0.370    1.373    0.017   0.0     4
   0.925    0.359   -0.571    0.000   0.0     4
   0.482    0.657   -0.177    0.000   0.0     4
  43.018   20.479  -34.680    0.106   0.0     5
  -0.684   -0.590    0.727    0.000   0.0     5
   -999. -999. -999. 53215  11471   201.852 
  -0.180    0.079    0.212    0.140  -1.0     0
   3.378   -5.987    4.176    0.140  -1.0     0
   3.419   -6.607    4.290    0.140   1.0     0
  -0.321   -1.029    1.281    0.140   1.0     0
  -5.313   10.935   14.453    0.139  -1.0     0
  -0.129    0.257    0.243    0.140   1.0     0
  10.016  -21.682   15.063    0.140   1.0     0
   0.402   -0.884    0.084    0.140  -1.0     0
  -1.642    4.395    6.680    0.140   1.0     0
  -0.430    0.913    1.372    0.140  -1.0     0
  -7.304   15.692   20.030    0.000   0.0     4
  -0.758    1.696    2.012    0.023   0.0     4
  -0.234    0.568    0.726    0.014   0.0     4
  -0.825    2.309    3.680    0.000   0.0     4
   0.186    0.638    0.985    0.000   0.0     4
  -0.082    0.729    1.221    0.001   0.0     4
  -0.834    0.990    1.922    0.000   0.0     4
   0.179   -0.812    0.415    0.000   0.0     4
   4.550  -13.299    9.232    0.933   0.0     5
  -0.259    0.831    0.858    0.167   0.0     5
  -0.109    0.435    1.070    0.000   0.0     5
  -0.454   -0.731    0.864    0.000   0.0     5
   0.958   -0.687    0.944    0.000   0.0     5
   -999. -999. -999. 53215  14106   201.851 
  -0.227    0.061   -0.023    0.140  -1.0     0
  -0.173    0.046    0.057    0.140  -1.0     0
 -13.139   19.858   -1.641    0.139   1.0     0
   2.937    0.096    3.048    0.140   1.0     1
  -1.026    0.370   -0.101    0.140  -1.0     0
  -2.936    4.561   -0.407    0.140   1.0     0
  -0.753    1.012    0.037    0.140  -1.0     0
   1.427   -0.262    1.610    0.140  -1.0     0
  -0.735    1.036    0.266    0.140   1.0     0
  -0.202    0.708    0.226    0.140   1.0     0
   0.784    0.164    0.734    0.140   1.0     0
   1.465    0.236    2.167    0.140  -1.0     0
   0.261   -0.050    0.277    0.140  -1.0     0
   1.016    0.189    1.139    0.140   1.0     0
   3.582    0.166    3.827    0.140  -1.0     2
   8.924    0.547    9.769    0.140   1.0     0
   1.242   -0.017    1.373    0.140   1.0     0
  -0.083    0.295   -0.361    0.140   1.0     0
   1.127    0.317    1.418    0.140  -1.0     0
   0.735   -0.025    0.701    0.000   0.0     4
   0.748   -0.168    0.846    0.000   0.0     4
   2.274    0.263    2.928    0.027   0.0     4
   1.367    0.122    1.623    0.000   0.0     4
  -0.496    1.154   -0.150    0.000   0.0     4
  -0.886    0.914    0.239    0.000   0.0     4
   6.880    0.299    8.753    1.046   0.0     5
   0.829    0.804    1.639    0.000   0.0     5
   0.724    0.144   -1.346    0.000   0.0     5
   0.079    0.613    1.816    0.000   0.0     5
   -999. -999. -999. 53215  14438   201.851 
  -0.269   -0.280    0.145    0.140   1.0     0
  -2.560    7.074    3.044    0.140   1.0     0
  -0.975    3.550    1.804    0.140  -1.0     0
  -1.434   -1.185    0.282    0.140  -1.0     0
  -0.790   -0.448    0.138    0.140  -1.0     0
  -0.377    1.036    1.042    0.140   1.0     0
  -0.378   -0.336    0.025    0.140  -1.0     0
   0.143   -0.421    0.003    0.140   1.0     0
   0.226   -0.340    0.080    0.140   1.0     0
  -0.533   -0.791   -2.417    0.140  -1.0     0
  -0.778   -0.378    0.326    0.140   1.0     0
   0.118   -0.407    0.169    0.140  -1.0     0
   0.189   -0.095   -0.982    0.000   0.0     4
  -0.343   -0.634    0.885    0.000   0.0     4
   0.008    1.001    0.335    0.000   0.0     4
  -1.465   -0.928    1.381    0.001   0.0     4
  -0.570    2.626    1.387    0.025   0.0     5
   0.517   -0.815   -3.846    0.267   0.0     5
   -999. -999. -999. 53215  18237   201.849 
   0.235   -0.010    0.195    0.140   1.0     0
   8.125   10.555    1.245    0.140   1.0     0
   5.625    6.895    2.907    0.140   1.0     0
  16.472   19.219    3.031    0.139  -1.0     0
   9.539   -7.224   -7.280    0.140  -1.0     0
   0.084   -0.642   -0.235    0.140  -1.0     0
   7.659   -5.787   -4.790    0.140   1.0     1
   0.797   -0.221   -0.270    0.140   1.0     0
  -0.049    0.448   -0.124    0.140   1.0     0
   0.118    0.093    0.006    0.140   1.0     0
  -0.111   -0.102   -0.008    0.140  -1.0     0
   0.682   -0.727   -0.698    0.140   1.0     2
   3.947    5.233    1.140    0.000   0.0     4
   1.651    2.261    0.570    0.001   0.0     4
   0.665    0.794    0.223    0.000   0.0     4
   0.578    0.711    0.141    0.000   0.0     4
   1.693   -1.467   -1.748    0.024   0.0     4
   1.131   -0.928   -1.035    0.000   0.0     4
   2.080   -1.781   -1.715    0.025   0.0     4
   2.234   -1.745   -1.697    0.000   0.0     4
   0.902   -0.725   -0.647    0.000   0.0     4
 -75.416  -20.143   18.306    0.035   0.0     4
   0.557   -0.392   -0.492    0.000   0.0     4
   0.779    1.511    0.250    0.191   0.0     5
   -999. -999. -999. 53215  18447   201.849 
  -0.113    0.336   -0.168    0.140   1.0     0
  -0.161   -0.284    0.133    0.140   1.0     0
   0.233   -0.228   -0.093    0.140  -1.0     0
  -0.102    0.314    0.117    0.140  -1.0     0
  -5.664    0.658    5.830    0.140   1.0     2
   3.495   -1.753    2.392    0.140  -1.0     0
   0.761   -0.402   -0.192    0.140   1.0     0
   0.654   -0.489   -0.214    0.140   1.0     0
   1.304    0.107   -0.047    0.140  -1.0     0
   0.863   -0.677   -0.982    0.140  -1.0     0
   0.367    0.291   -0.419    0.140   1.0     0
  -1.042   -0.054    2.206    0.140  -1.0     0
   0.333    0.646    0.559    0.140   1.0     0
  -0.460   -0.044    0.096    0.140  -1.0     0
  -0.377    0.183    0.314    0.140  -1.0     0
   0.770   -1.090   -0.549    0.140   1.0     0
   0.442    0.746    0.671    0.140   1.0     0
   0.812   -0.145   -0.419    0.140  -1.0     0
  -0.359    0.227    1.003    0.000   0.0     4
  -7.365    2.071    8.300    0.000   0.0     5
   0.230    0.547    2.031    0.000   0.0     5
  -0.941    0.581    0.922    0.000   0.0     5
   0.066    0.472   -0.833    0.000   0.0     5
   -999. -999. -999. 53216   2144   201.849 
   1.247    2.022   -0.526    0.140   1.0     0
   1.617    3.862   -1.896    0.140   1.0     0
  -3.008   -6.522    1.356    0.140  -1.0     1
 -19.493  -38.832   11.230    0.140   1.0     1
   5.783    7.904   -0.150    0.140   1.0     1
   0.456    0.158   -0.257    0.140  -1.0     0
   0.423    1.910   -1.203    0.140   1.0     0
   2.510    2.358   -0.421    0.140  -1.0     2
  -0.282   -0.730   -0.560    0.140   1.0     0
   0.595    2.583   -0.753    0.140  -1.0     0
   0.250    0.964   -0.295    0.140  -1.0     0
   3.491    7.568   -1.702    0.140  -1.0     1
   2.656    6.771   -1.223    0.140   1.0     0
   0.863    2.185   -0.567    0.140   1.0     0
   1.073    2.154   -0.928    0.140  -1.0     0
   1.105    2.660   -0.556    0.140   1.0     0
   0.233    0.544   -0.071    0.140   1.0     0
  -0.470   -1.448   -0.289    0.140  -1.0     0
   0.512    0.529   -0.365    0.140  -1.0     0
   1.826    2.021   -0.758    0.140   1.0     0
   0.703    1.380   -0.188    0.140  -1.0     1
   0.962    2.466   -1.033    0.140  -1.0     0
   0.463    0.865   -0.192    0.140   1.0     0
   0.395    0.251   -0.252    0.140  -1.0     0
  -5.227  -10.971    3.793    0.140  -1.0     0
  -0.813   -1.426    0.439    0.000   0.0     4
  -0.599   -1.067    0.242    0.000   0.0     4
  -3.576   -6.848    2.358    0.000   0.0     4
   1.441    3.199   -1.142    0.000   0.0     4
   0.548    1.147   -0.535    0.000   0.0     4
   1.083    2.585   -1.098    0.000   0.0     4
   0.395    1.045   -0.361    0.000   0.0     4
   0.782    1.394   -0.572    0.001   0.0     4
   0.873    2.067   -0.382    0.021   0.0     4
  -0.724    0.532    0.560    0.000   0.0     4
  -0.442   -0.948    0.381    0.000   0.0     4
   2.365    5.415   -2.958    0.036   0.0     5
   0.318    1.541   -0.609    0.001   0.0     5
  -0.524   -0.784    0.092    0.000   0.0     5
   0.501    1.750   -0.557    0.001   0.0     5
   -999. -999. -999. 53216   2948   201.849 
   2.733    3.598    5.411    0.140   1.0     0
  -1.632   -2.148    1.913    0.140   1.0     0
  11.792   15.757   24.451    0.140   1.0     0
   0.506    1.244   -0.780    0.140  -1.0     0
  -0.141    1.109   -0.481    0.140  -1.0     0
   0.478    0.265    0.513    0.140   1.0     0
   0.269    0.354    0.611    0.140   1.0     0
  -0.145   -0.265    0.233    0.140  -1.0     0
   0.272    0.672    1.233    0.140  -1.0     0
  -0.345   -0.139    0.844    0.140  -1.0     0
  -0.004    0.602    1.386    0.140   1.0     0
   0.371    0.772   -0.309    0.140   1.0     0
   0.279    0.273    0.379    0.140  -1.0     0
   1.227    1.280    2.567    0.140  -1.0     0
   0.943    0.801    1.963    0.140  -1.0     0
   0.331    0.374   -0.043    0.140   1.0     0
   0.231    0.142    0.380    0.140   1.0     0
   1.281    1.487    2.288    0.000   0.0     4
   0.347    0.587    0.936    0.000   0.0     4
  -0.045    0.481    1.040    0.001   0.0     4
   1.267    1.631    2.289    0.000   0.0     4
  -0.103    0.727    0.753    0.000   0.0     4
  -0.239    1.717   -0.763    0.001   0.0     4
  -0.216    0.872   -0.383    0.000   0.0     4
  -1.457   -2.032    2.041    0.000   0.0     4
  -5.414   -8.932    7.139    0.000   0.0     4
  -0.538   -0.976    0.783    0.000   0.0     4
  -5.323   -9.600    8.061    0.401   0.0     5
  -0.144   -1.009    0.683    0.016   0.0     5
   -999. -999. -999. 53209  15842   201.749 
  -0.236   -0.165    0.143    0.140   1.0     0
  -0.140    0.027    0.022    0.140   1.0     0
  -3.969   -0.132    1.090    0.140  -1.0     0
  -5.039    0.676    1.907    0.140   1.0     0
  -1.267   -2.376    1.466    0.140  -1.0     0
   7.513    2.234    9.023    0.140   1.0     0
   3.618    0.212    3.022    0.140   1.0     0
   5.819    1.474    5.766    0.140   1.0     0
  -0.451   -0.028    0.299    0.140   1.0     0
  -0.728   -0.665    0.922    0.140  -1.0     0
  -0.124   -0.478   -0.002    0.140  -1.0     0
  -0.547    0.066    0.274    0.140  -1.0     0
  -0.795   -0.253    1.289    0.140   1.0     0
  -0.701    0.051    1.130    0.140   1.0     0
  -0.539   -0.481    1.218    0.140  -1.0     0
   0.147    0.239    0.368    0.140  -1.0     0
  -0.367    0.103    0.594    0.140  -1.0     0
  -2.135    0.390    4.068    0.140  -1.0     0
  -0.342    0.387    1.342    0.140   1.0     0
  -0.285    0.070    0.726    0.140   1.0     0
   0.076   -0.304    0.165    0.140  -1.0     0
   4.453    0.587    4.670    0.140  -1.0     0
  -0.533   -0.556    0.191    0.140  -1.0     0
   0.507   -0.504    0.577    0.140   1.0     0
   1.030    0.004    0.984    0.140  -1.0     0
  -0.046   -0.750    0.313    0.140   1.0     0
  -0.386   -0.363    0.600    0.140   1.0     0
  -0.577   -0.068    0.844    0.140  -1.0     0
  -0.114   -0.339    0.428    0.140   1.0     0
   0.827   -0.113    1.002    0.140  -1.0     0
  -1.178    0.369    0.126    0.140   1.0     0
   4.295    1.049    4.836    0.000   0.0     4
   0.785    0.222    0.986    0.000   0.0     4
  -0.717    0.043    1.282    0.000   0.0     4
  -0.415    0.099    1.634    0.001   0.0     4
   6.166   -0.105    6.880    0.000   0.0     4
   2.381    0.004    2.732    0.001   0.0     4
  -1.980    0.225    4.093    0.002   0.0     4
  -0.964    0.149   -0.176    0.000   0.0     4
  -0.597   -0.993    0.917    0.001   0.0     4
  -0.461    0.009    0.723    0.000   0.0     5
  -0.179    0.226    0.838    0.000   0.0     5
  -0.351    0.146    1.303    0.001   0.0     5
  -0.257   -0.106    1.024    0.000   0.0     5
  -1.127    0.198    0.364    0.015   0.0     5
  -1.019    0.011    0.199    0.000   0.0     5
  -1.710    0.356    0.671    0.001   0.0     5
   -999. -999. -999. 53209  16490   201.749 
  -0.838    0.180    0.237    0.140   1.0     0
  -0.879   -4.455    1.906    0.140  -1.0     0
   5.973    5.446   -2.648    0.140  -1.0     0
   1.182    1.171   -1.031    0.140   1.0     0
   7.116    6.112   -2.920    0.140   1.0     0
  -4.288    3.377    0.038    0.140  -1.0     0
  -8.417    4.408    1.564    0.140   1.0     0
   6.167    5.762   -3.510    0.140   1.0     0
   0.824    0.953   -0.307    0.140  -1.0     0
   2.793    2.244   -1.101    0.140   1.0     0
   1.668    2.496   -0.901    0.140  -1.0     0
  -3.915    2.240    1.080    0.140   1.0     0
  -2.955    2.113    0.979    0.140  -1.0     0
  -3.907    2.920    0.999    0.140  -1.0     0
   0.509    0.787   -0.321    0.140   1.0     0
  -0.409    0.147    0.172    0.140   1.0     0
   1.682    1.802   -0.902    0.140  -1.0     0
   0.654    0.362   -0.918    0.140   1.0     0
   7.031    5.958   -3.691    0.140  -1.0     0
   1.191    1.427   -2.871    0.140   1.0     0
  -0.483    0.633   -1.279    0.140  -1.0     0
  -0.405    0.431    0.435    0.140   1.0     0
  -0.152    0.122    0.127    0.140  -1.0     0
  -0.790    0.261   -0.087    0.140   1.0     0
  -0.165   -0.105   -0.291    0.140  -1.0     0
   0.775    0.587   -0.919    0.140  -1.0     0
  -1.151    0.006    0.133    0.000   0.0     4
  -1.121   -7.496    3.817    0.000   0.0     4
  -0.508   -4.226    2.171    0.000   0.0     4
   7.074    4.478   -2.696    0.042   0.0     5
   1.288    2.222   -1.236    0.024   0.0     5
   -999. -999. -999. 53209  18018   201.750 
   0.187    0.151    0.009    0.140   1.0     0
  -0.178    1.083    0.232    0.140  -1.0     0
  -2.885    3.760   -2.820    0.140   1.0     0
   1.234    0.087    0.201    0.140   1.0     0
   1.833   -0.697    0.766    0.140  -1.0     0
   1.387    1.504   -0.091    0.140   1.0     0
  -0.986    3.039    0.579    0.140  -1.0     0
  -1.466    0.015    1.414    0.140  -1.0     0
   0.705    0.667    0.278    0.140  -1.0     0
   0.434   -1.472    0.635    0.140   1.0     0
  -0.791    1.128    0.108    0.140  -1.0     0
   0.590   -0.203    0.369    0.140   1.0     0
  -0.432    0.232   -0.124    0.140  -1.0     0
  -0.916    3.379    0.882    0.140   1.0     0
  -0.588    1.490    1.227    0.140  -1.0     0
   0.122   -2.342    1.801    0.140   1.0     0
  -0.355    0.397    0.097    0.140   1.0     0
   2.217   -0.095    1.128    0.140  -1.0     0
   2.246   -0.700    0.792    0.140   1.0     0
  -0.300    2.166    0.718    0.140   1.0     0
   0.113    0.589    0.134    0.140  -1.0     0
   0.264    0.758    0.190    0.140   1.0     0
  -0.361    1.231    1.656    0.140  -1.0     0
  22.838    0.320    9.691    0.140  -1.0     0
   2.364   -0.400    0.478    0.140   1.0     0
   0.448    0.248   -0.021    0.140  -1.0     0
   0.422   -0.195    0.561    0.140   1.0     0
  -0.370    0.070    0.472    0.140   1.0     0
  -0.160   -0.920   -1.817    0.140  -1.0     0
  -0.685   -0.660   -2.027    0.140  -1.0     1
  -1.529   -1.445   -4.020    0.140  -1.0     0
  -0.927   -1.033   -3.009    0.140   1.0     0
   0.016    0.246    0.414    0.140   1.0     0
  -0.169   -0.128    0.011    0.140  -1.0     0
  -1.789   -2.383   -5.578    0.140   1.0     1
   0.176    0.586    0.306    0.140   1.0     0
   0.164   -0.342    0.079    0.140  -1.0     0
   0.033    0.250    0.162    0.140   1.0     0
  -0.315   -0.433   -0.353    0.140   1.0     0
  -0.647    0.417    0.548    0.140   1.0     0
  -0.005   -0.849    0.633    0.140  -1.0     0
   0.656   -0.926    0.734    0.140  -1.0     0
  -1.175   -1.488   -3.543    0.140  -1.0     1
   0.181    0.140   -0.003    0.140   1.0     0
  -0.151   -0.106    0.246    0.140  -1.0     0
  -0.095   -0.192    0.457    0.140   1.0     0
  -4.068    1.218    4.235    0.140  -1.0     0
  -2.233    0.755    2.507    0.001   0.0     4
   7.077   -0.125    2.852    0.000   0.0     4
  -2.889    0.788    2.456    0.000   0.0     4
  -1.816    0.771    1.909    0.000   0.0     4
  -0.214   -0.309   -0.817    0.000   0.0     4
  -0.618   -0.676   -1.926    0.000   0.0     4
  -2.889   -3.915   -9.445    0.000   0.0     4
  -1.162    0.048    1.511    0.020   0.0     4
  -1.048    0.231    1.270    0.001   0.0     4
  -0.506    0.122    0.632    0.000   0.0     4
  -0.247    0.909    0.196    0.000   0.0     4
  -0.312    0.494    0.630    0.000   0.0     4
   0.506    0.236   -1.383    0.017   0.0     4
  -0.531   -0.459   -1.679    0.001   0.0     4
  -0.603   -0.687   -2.179    0.000   0.0     4
  -1.062    0.201    0.828    0.000   0.0     5
  -0.973    0.397    1.047    0.017   0.0     5
  -2.549   -3.704   -8.021    0.043   0.0     5
   1.136    0.102    0.561    0.000   0.0     5
   1.274    0.297    0.540    0.000   0.0     5
  -0.859    1.765   -0.471    0.001   0.0     5
